[µs]	Sample
0	0
268	1
276	0
286	1
303	0
314	1
328	0
339	1
356	0
366	1
381	0
391	1
407	0
418	1
434	0
444	1
460	0
470	1
486	0
497	1
539	0
548	1
565	0
575	1
591	0
602	1
617	0
627	1
643	0
653	1
670	0
681	1
696	0
706	1
722	0
732	1
748	0
758	1
774	0
784	1
801	0
811	1
827	0
837	1
853	0
863	1
879	0
889	1
906	0
916	1
932	0
942	1
958	0
968	1
984	0
994	1
1010	0
1021	1
1037	0
1048	1
1063	0
1073	1
1089	0
1099	1
1115	0
1125	1
1142	0
1152	1
1167	0
1178	1
1194	0
1204	1
1220	0
1230	1
1245	0
1257	1
1272	0
1282	1
1299	0
1309	1
1324	0
1335	1
1350	0
1362	1
1377	0
1388	1
1403	0
1414	1
1429	0
1440	1
1455	0
1467	1
1482	0
1493	1
1508	0
1518	1
1534	0
1544	1
1560	0
1571	1
1587	0
1597	1
1613	0
1623	1
1639	0
1649	1
1666	0
1675	1
1692	0
1702	1
1718	0
1728	1
1744	0
1754	1
1771	0
1781	1
1798	0
1807	1
1823	0
1833	1
1849	0
1860	1
1875	0
1886	1
1901	0
1911	1
1928	0
1938	1
1954	0
1964	1
1979	0
1990	1
2005	0
2017	1
2032	0
2043	1
2058	0
2069	1
2084	0
2095	1
2110	0
2122	1
2137	0
2148	1
2163	0
2174	1
2189	0
2200	1
2215	0
2227	1
2242	0
2253	1
2268	0
2279	1
2294	0
2305	1
2320	0
2332	1
2347	0
2357	1
2373	0
2383	1
2399	0
2409	1
2425	0
2435	1
2452	0
2462	1
2478	0
2488	1
2504	0
2514	1
2530	0
2540	1
2557	0
2567	1
2587	0
2593	1
2609	0
2619	1
2636	0
2646	1
2661	0
2673	1
2688	0
2698	1
2713	0
2724	1
2739	0
2751	1
2766	0
2777	1
2792	0
2803	1
2818	0
2829	1
2844	0
2856	1
2871	0
2882	1
2897	0
2907	1
2923	0
2934	1
2949	0
2959	1
2976	0
2986	1
3002	0
3012	1
3028	0
3038	1
3054	0
3064	1
3081	0
3091	1
3107	0
3117	1
3133	0
3143	1
3159	0
3170	1
3185	0
3196	1
3212	0
3223	1
3238	0
3248	1
3264	0
3274	1
3291	0
3300	1
3317	0
3327	1
3343	0
5031	1
5046	0
5057	1
5072	0
5083	1
5098	0
5110	1
5125	0
5136	1
5151	0
5161	1
5177	0
5188	1
5210	0
5214	1
5229	0
5240	1
5255	0
5267	1
5282	0
5293	1
5308	0
5318	1
5334	0
5344	1
5361	0
5371	1
5387	0
5397	1
5413	0
5423	1
5439	0
6708	1
6723	0
6734	1
6749	0
6759	1
6776	0
6786	1
6802	0
6812	1
6828	0
6838	1
6855	0
6865	1
6881	0
6891	1
6907	0
6917	1
6933	0
6943	1
6960	0
6970	1
6986	0
6996	1
7011	0
7022	1
7037	0
7048	1
7065	0
7075	1
7090	0
7100	1
7117	0
8385	1
8400	0
8411	1
8427	0
8437	1
8453	0
8463	1
8480	0
8490	1
8506	0
8516	1
8532	0
8542	1
8558	0
8568	1
8583	0
8595	1
8610	0
8621	1
8636	0
8647	1
8662	0
8674	1
8689	0
8699	1
8715	0
8725	1
8741	0
8751	1
8768	0
8778	1
8794	0
9223	1
9239	0
9249	1
9266	0
9276	1
9292	0
9302	1
9318	0
9328	1
9344	0
9354	1
9371	0
9381	1
9397	0
9407	1
9424	0
9433	1
9449	0
9459	1
9476	0
9486	1
9502	0
9512	1
9527	0
9538	1
9554	0
9564	1
9579	0
9591	1
9606	0
9617	1
9632	0
10063	1
10078	0
10088	1
10104	0
10114	1
10130	0
10140	1
10157	0
10167	1
10183	0
10193	1
10209	0
10219	1
10235	0
10245	1
10262	0
10272	1
10288	0
10299	1
10314	0
10324	1
10340	0
10350	1
10367	0
10377	1
10392	0
10403	1
10418	0
10429	1
10444	0
10455	1
10470	0
10901	1
10916	0
10927	1
10942	0
10954	1
10969	0
10980	1
10995	0
11005	1
11021	0
11031	1
11049	0
11058	1
11074	0
11092	1
11100	0
11111	1
11126	0
11137	1
11153	0
11162	1
11179	0
11189	1
11204	0
11216	1
11231	0
11242	1
11257	0
11268	1
11283	0
11294	1
11309	0
12577	1
12594	0
12604	1
12620	0
12630	1
12646	0
12656	1
12674	0
12682	1
12699	0
12709	1
12725	0
12735	1
12751	0
12761	1
12778	0
12788	1
12804	0
12814	1
12830	0
12840	1
12855	0
12866	1
12882	0
12893	1
12908	0
12919	1
12934	0
12945	1
12960	0
12972	1
12987	0
13417	1
13432	0
13443	1
13458	0
13470	1
13485	0
13495	1
13511	0
13521	1
13537	0
13548	1
13564	0
13574	1
13590	0
13600	1
13616	0
13626	1
13643	0
13653	1
13668	0
13679	1
13694	0
13704	1
13726	0
13732	1
13747	0
13758	1
13772	0
13783	1
13800	0
13809	1
13826	0
14256	1
14271	0
14282	1
14297	0
14308	1
14323	0
14334	1
14349	0
14360	1
14376	0
14387	1
14402	0
14413	1
14428	0
14439	1
14454	0
14473	1
14480	0
14492	1
14507	0
14518	1
14533	0
14544	1
14559	0
14570	1
14585	0
14597	1
14612	0
14622	1
14638	0
14648	1
14664	0
15933	1
15948	0
15959	1
15974	0
15984	1
16001	0
16011	1
16027	0
16037	1
16053	0
16063	1
16079	0
16089	1
16106	0
16116	1
16132	0
16142	1
16158	0
16168	1
16184	0
16194	1
16211	0
16221	1
16237	0
16247	1
16263	0
16273	1
16288	0
16299	1
16316	0
16326	1
16342	0
17610	1
17626	0
17636	1
17651	0
17662	1
17678	0
17688	1
17704	0
17715	1
17730	0
17740	1
17757	0
17767	1
17783	0
17793	1
17809	0
17819	1
17835	0
17845	1
17862	0
17872	1
17888	0
17898	1
17914	0
17925	1
17940	0
17950	1
17967	0
17977	1
17992	0
18003	1
18018	0
18448	1
18465	0
18475	1
18491	0
18501	1
18516	0
18527	1
18542	0
18553	1
18570	0
18580	1
18595	0
18606	1
18621	0
18632	1
18647	0
18658	1
18674	0
18684	1
18700	0
18711	1
18726	0
18737	1
18752	0
18763	1
18778	0
18790	1
18805	0
18816	1
18831	0
18842	1
18857	0
20125	1
20141	0
20151	1
20168	0
20178	1
20194	0
20204	1
20220	0
20230	1
20246	0
20256	1
20273	0
20283	1
20300	0
20309	1
20325	0
20343	1
20351	0
20362	1
20377	0
20388	1
20404	0
20414	1
20430	0
20441	1
20455	0
20467	1
20482	0
20493	1
20508	0
20519	1
20534	0
20964	1
20979	0
20991	1
21006	0
21017	1
21032	0
21043	1
21058	0
21069	1
21090	0
21095	1
21111	0
21121	1
21137	0
21147	1
21164	0
21175	1
21190	0
21200	1
21216	0
21226	1
21242	0
21252	1
21269	0
21279	1
21295	0
21305	1
21321	0
21331	1
21347	0
21357	1
21374	0
21803	1
21818	0
21830	1
21845	0
21856	1
21871	0
21882	1
21897	0
21907	1
21924	0
21935	1
21950	0
21961	1
21976	0
21986	1
22002	0
22012	1
22028	0
22038	1
22054	0
22065	1
22081	0
22091	1
22107	0
22117	1
22133	0
22143	1
22160	0
22170	1
22186	0
22196	1
22212	0
23481	1
23496	0
23507	1
23522	0
23533	1
23548	0
23559	1
23574	0
23586	1
23601	0
23611	1
23627	0
23637	1
23653	0
23663	1
23679	0
23689	1
23706	0
23722	1
23732	0
23743	1
23758	0
23768	1
23784	0
23794	1
23810	0
23820	1
23837	0
23847	1
23863	0
23873	1
23889	0
25158	1
25173	0
25184	1
25199	0
25210	1
25225	0
25237	1
25252	0
25262	1
25278	0
25288	1
25304	0
25314	1
25330	0
25340	1
25357	0
25367	1
25383	0
25393	1
25409	0
25419	1
25435	0
25445	1
25462	0
25472	1
25488	0
25498	1
25514	0
25524	1
25541	0
25550	1
25567	0
25996	1
26012	0
26022	1
26038	0
26048	1
26064	0
26074	1
26091	0
26101	1
26117	0
26127	1
26143	0
26153	1
26169	0
26179	1
26195	0
26205	1
26222	0
26232	1
26248	0
26258	1
26274	0
26284	1
26300	0
26310	1
26327	0
26337	1
26353	0
26363	1
26379	0
26389	1
26405	0
27673	1
27689	0
27699	1
27716	0
27726	1
27742	0
27752	1
27767	0
27778	1
27793	0
27805	1
27820	0
27831	1
27846	0
27857	1
27872	0
27883	1
27898	0
27910	1
27926	0
27936	1
27951	0
27962	1
27977	0
27987	1
28004	0
28014	1
28030	0
28040	1
28056	0
28066	1
28082	0
29350	1
29367	0
29377	1
29393	0
29403	1
29418	0
29429	1
29445	0
29455	1
29472	0
29482	1
29497	0
29508	1
29523	0
29534	1
29550	0
29566	1
29575	0
29586	1
29603	0
29613	1
29628	0
29639	1
29654	0
29665	1
29681	0
29691	1
29706	0
29718	1
29733	0
29744	1
29759	0
30189	1
30205	0
30216	1
30231	0
30242	1
30257	0
30268	1
30283	0
30294	1
30309	0
30320	1
30341	0
30346	1
30362	0
30372	1
30388	0
30398	1
30415	0
30426	1
30441	0
30451	1
30467	0
30477	1
30493	0
30503	1
30520	0
30530	1
30546	0
30556	1
30572	0
30582	1
30598	0
31028	1
31043	0
31054	1
31069	0
31080	1
31096	0
31107	1
31122	0
31133	1
31148	0
31159	1
31174	0
31186	1
31201	0
31212	1
31227	0
31238	1
31253	0
31263	1
31279	0
31289	1
31306	0
31317	1
31332	0
31342	1
31358	0
31368	1
31384	0
31394	1
31411	0
31421	1
31437	0
32705	1
32721	0
32731	1
32748	0
32758	1
32773	0
32784	1
32799	0
32810	1
32825	0
32836	1
32851	0
32863	1
32878	0
32889	1
32904	0
32915	1
32930	0
32941	1
32956	0
32968	1
32983	0
32994	1
33009	0
33019	1
33035	0
33045	1
33062	0
33072	1
33088	0
33098	1
33114	0
33550	1
33559	0
33569	1
33586	0
33596	1
33612	0
33622	1
33638	0
33648	1
33665	0
33675	1
33691	0
33701	1
33717	0
33727	1
33743	0
33753	1
33770	0
33780	1
33796	0
33806	1
33822	0
33832	1
33847	0
33858	1
33873	0
33885	1
33900	0
33911	1
33927	0
33937	1
33952	0
34382	1
34398	0
34408	1
34425	0
34435	1
34451	0
34461	1
34477	0
34487	1
34503	0
34513	1
34530	0
34540	1
34556	0
34566	1
34582	0
34592	1
34608	0
34618	1
34633	0
34645	1
34660	0
34671	1
34686	0
34697	1
34712	0
34723	1
34738	0
34750	1
34765	0
34776	1
34791	0
36060	1
36076	0
36086	1
36102	0
36112	1
36127	0
36138	1
36153	0
36171	1
36180	0
36190	1
36207	0
36217	1
36232	0
36244	1
36259	0
36269	1
36286	0
36296	1
36311	0
36322	1
36338	0
36348	1
36364	0
36374	1
36390	0
36400	1
36416	0
36428	1
36443	0
36453	1
36468	0
36898	1
36914	0
36928	1
36941	0
36951	1
36966	0
36977	1
36993	0
37003	1
37019	0
37030	1
37045	0
37056	1
37071	0
37081	1
37098	0
37108	1
37123	0
37135	1
37150	0
37160	1
37178	0
37187	1
37202	0
37213	1
37228	0
37239	1
37254	0
37266	1
37281	0
37291	1
37307	0
37737	1
37753	0
37763	1
37778	0
37790	1
37805	0
37816	1
37831	0
37842	1
37857	0
37868	1
37883	0
37895	1
37910	0
37921	1
37936	0
37947	1
37962	0
37973	1
37988	0
38000	1
38015	0
38025	1
38041	0
38052	1
38067	0
38077	1
38093	0
38103	1
38120	0
38130	1
38146	0
38575	1
38592	0
38602	1
38618	0
38628	1
38643	0
38654	1
38669	0
38680	1
38697	0
38707	1
38722	0
38733	1
38776	0
38785	1
38803	0
38812	1
38827	0
38838	1
38853	0
38873	1
38880	0
38891	1
38906	0
38917	1
38933	0
38942	1
38958	0
38969	1
38984	0
39414	1
39430	0
39440	1
39457	0
39467	1
39482	0
39493	1
39508	0
39519	1
39534	0
39546	1
39560	0
39572	1
39587	0
39598	1
39620	0
39624	1
39640	0
39650	1
39666	0
39677	1
39693	0
39703	1
39718	0
39729	1
39744	0
39755	1
39770	0
39781	1
39796	0
39808	1
39872	0
40258	1
40269	0
40280	1
40295	0
40306	1
40321	0
40331	1
40347	0
40357	1
40374	0
40384	1
40400	0
40410	1
40427	0
40436	1
40452	0
40462	1
40479	0
40489	1
40505	0
40515	1
40531	0
40541	1
40557	0
40567	1
40583	0
40594	1
40609	0
40620	1
40635	0
40646	1
40661	0
41091	1
41107	0
41117	1
41133	0
41143	1
41160	0
41170	1
41186	0
41196	1
41212	0
41222	1
41238	0
41248	1
41265	0
41275	1
41291	0
41302	1
41317	0
41327	1
41343	0
41354	1
41369	0
41380	1
41395	0
41406	1
41421	0
41432	1
41447	0
41458	1
41473	0
41485	1
41500	0
41929	1
41946	0
41956	1
41972	0
41982	1
41998	0
42008	1
42025	0
42035	1
42052	0
42061	1
42077	0
42087	1
42103	0
42113	1
42130	0
42140	1
42156	0
42166	1
42182	0
42192	1
42208	0
42218	1
42235	0
42245	1
42260	0
42271	1
42286	0
42297	1
42312	0
42323	1
42339	0
42768	1
42785	0
42795	1
42811	0
42821	1
42837	0
42847	1
42864	0
42874	1
42892	0
42900	1
42915	0
42927	1
42941	0
42952	1
42967	0
42979	1
42994	0
43005	1
43020	0
43031	1
43046	0
43057	1
43072	0
43084	1
43099	0
43110	1
43125	0
43135	1
43151	0
43161	1
43179	0
43608	1
43623	0
43634	1
43650	0
43660	1
43675	0
43686	1
43701	0
43712	1
43727	0
43739	1
43754	0
43765	1
43780	0
43791	1
43806	0
43818	1
43833	0
43844	1
43859	0
43869	1
43885	0
43895	1
43911	0
43921	1
43937	0
43947	1
43964	0
43974	1
43990	0
44000	1
44016	0
44446	1
44461	0
44472	1
44487	0
44499	1
44514	0
44525	1
44540	0
44552	1
44566	0
44577	1
44592	0
44604	1
44619	0
44630	1
44645	0
44655	1
44671	0
44682	1
44697	0
44707	1
44724	0
44734	1
44750	0
44760	1
44776	0
44786	1
44804	0
44813	1
44829	0
44839	1
44855	0
45285	1
45300	0
45311	1
45326	0
45338	1
45353	0
45363	1
45379	0
45389	1
45405	0
45415	1
45431	0
45441	1
45458	0
45468	1
45484	0
45494	1
45517	0
45520	1
45536	0
45547	1
45562	0
45574	1
45589	0
45599	1
45614	0
45625	1
45641	0
45652	1
45667	0
45679	1
45694	0
46123	1
46139	0
46149	1
46166	0
46176	1
46192	0
46202	1
46218	0
46228	1
46243	0
46254	1
46270	0
46281	1
46296	0
46307	1
46322	0
46332	1
46349	0
46359	1
46375	0
46385	1
46401	0
46411	1
46429	0
46437	1
46454	0
46464	1
46480	0
46490	1
46506	0
46516	1
46533	0
46961	1
46978	0
46988	1
47004	0
47014	1
47030	0
47040	1
47056	0
47066	1
47083	0
47093	1
47109	0
47119	1
47135	0
47145	1
47161	0
47171	1
47188	0
47198	1
47214	0
47224	1
47240	0
47250	1
47265	0
47276	1
47291	0
47304	1
47319	0
47329	1
47344	0
47355	1
47370	0
47800	1
47817	0
47827	1
47843	0
47853	1
47869	0
47879	1
47894	0
47905	1
47920	0
47932	1
47947	0
47958	1
47973	0
47984	1
47999	0
48010	1
48025	0
48037	1
48053	0
48063	1
48078	0
48089	1
48104	0
48115	1
48130	0
48142	1
48157	0
48170	1
48183	0
48194	1
48209	0
48639	1
48655	0
48665	1
48681	0
48691	1
48708	0
48718	1
48734	0
48744	1
48759	0
48770	1
48785	0
48797	1
48812	0
48823	1
48838	0
48849	1
48864	0
48875	1
48890	0
48902	1
48917	0
48929	1
48943	0
48953	1
48969	0
48979	1
48996	0
49006	1
49022	0
49032	1
49048	0
49485	1
49494	0
49504	1
49519	0
49530	1
49546	0
49557	1
49572	0
49583	1
49598	0
49609	1
49624	0
49635	1
49650	0
49662	1
49677	0
49688	1
49703	0
49714	1
49729	0
49740	1
49755	0
49767	1
49782	0
49792	1
49808	0
49844	1
49860	0
49870	1
49886	0
50316	1
50332	0
50342	1
50358	0
50369	1
50385	0
50395	1
50411	0
50421	1
50437	0
50447	1
50464	0
50474	1
50489	0
50500	1
50515	0
50526	1
50541	0
50554	1
50567	0
50579	1
50594	0
50605	1
50620	0
50631	1
50646	0
50657	1
50673	0
50684	1
50699	0
50710	1
50725	0
51155	1
51171	0
51181	1
51197	0
51207	1
51223	0
51233	1
51250	0
51260	1
51276	0
51286	1
51303	0
51312	1
51328	0
51338	1
51355	0
51365	1
51380	0
51391	1
51406	0
51417	1
51433	0
51443	1
51458	0
51470	1
51485	0
51496	1
51511	0
51522	1
51537	0
51549	1
51563	0
51993	1
52010	0
52020	1
52036	0
52046	1
52062	0
52072	1
52088	0
52098	1
52115	0
52125	1
52140	0
52151	1
52167	0
52177	1
52193	0
52204	1
52218	0
52229	1
52246	0
52256	1
52271	0
52282	1
52298	0
52308	1
52324	0
52334	1
52349	0
52361	1
52376	0
52387	1
52402	0
52832	1
52848	0
52858	1
52875	0
52885	1
52901	0
52912	1
52926	0
52937	1
52952	0
52964	1
52979	0
52990	1
53005	0
53015	1
53031	0
53041	1
53058	0
53068	1
53084	0
53094	1
53110	0
53120	1
53136	0
53146	1
53163	0
53173	1
53189	0
53199	1
53215	0
53225	1
53241	0
54509	1
54525	0
54535	1
54552	0
54561	1
54578	0
54588	1
54604	0
54614	1
54630	0
54640	1
54657	0
54667	1
54683	0
54693	1
54709	0
54719	1
54735	0
54745	1
54762	0
54772	1
54788	0
54804	1
54814	0
54825	1
54840	0
54850	1
54866	0
54876	1
54893	0
54903	1
54919	0
55349	1
55364	0
55375	1
55390	0
55400	1
55416	0
55426	1
55442	0
55452	1
55469	0
55479	1
55495	0
55505	1
55521	0
55531	1
55547	0
55558	1
55573	0
55585	1
55600	0
55611	1
55626	0
55636	1
55652	0
55662	1
55679	0
55688	1
55705	0
55715	1
55731	0
55741	1
55757	0
56187	1
56202	0
56213	1
56229	0
56239	1
56254	0
56266	1
56281	0
56292	1
56307	0
56318	1
56333	0
56344	1
56359	0
56371	1
56386	0
56397	1
56412	0
56422	1
56438	0
56449	1
56464	0
56476	1
56491	0
56501	1
56517	0
56527	1
56543	0
56554	1
56569	0
56579	1
56596	0
57025	1
57041	0
57051	1
57067	0
57077	1
57094	0
57104	1
57120	0
57130	1
57146	0
57156	1
57173	0
57182	1
57197	0
57209	1
57225	0
57235	1
57251	0
57261	1
57276	0
57288	1
57303	0
57314	1
57330	0
57340	1
57355	0
57366	1
57381	0
57393	1
57408	0
57419	1
57441	0
57864	1
57880	0
57890	1
57906	0
57916	1
57932	0
57942	1
57959	0
57969	1
57985	0
57995	1
58011	0
58021	1
58037	0
58047	1
58064	0
58074	1
58090	0
58100	1
58116	0
58126	1
58141	0
58152	1
58167	0
58182	1
58195	0
58205	1
58220	0
58231	1
58246	0
58257	1
58272	0
58703	1
58718	0
58729	1
58752	0
58755	1
58770	0
58782	1
58797	0
58808	1
58823	0
58834	1
58849	0
58860	1
58876	0
58886	1
58902	0
58912	1
58929	0
58938	1
58954	0
58964	1
58980	0
58991	1
59007	0
59017	1
59033	0
59043	1
59059	0
59069	1
59085	0
59095	1
59112	0
60380	1
60396	0
60406	1
60422	0
60432	1
60448	0
60458	1
60475	0
60485	1
60501	0
60511	1
60527	0
60537	1
60554	0
60563	1
60579	0
60590	1
60606	0
60616	1
60631	0
60642	1
60657	0
60668	1
60684	0
60694	1
60711	0
60721	1
60736	0
60747	1
60762	0
60773	1
60788	0
61219	1
61234	0
61245	1
61260	0
61272	1
61287	0
61297	1
61313	0
61323	1
61339	0
61349	1
61365	0
61375	1
61392	0
61409	1
61417	0
61428	1
61444	0
61455	1
61470	0
61481	1
61496	0
61507	1
61523	0
61533	1
61549	0
61559	1
61575	0
61586	1
61601	0
61612	1
61627	0
62057	1
62073	0
62083	1
62099	0
62109	1
62126	0
62136	1
62160	0
62163	1
62177	0
62189	1
62204	0
62215	1
62230	0
62241	1
62256	0
62267	1
62282	0
62292	1
62309	0
62320	1
62335	0
62346	1
62361	0
62371	1
62387	0
62397	1
62414	0
62424	1
62440	0
62450	1
62466	0
63735	1
63750	0
63761	1
63776	0
63787	1
63803	0
63814	1
63829	0
63839	1
63855	0
63865	1
63881	0
63891	1
63908	0
63918	1
63934	0
63944	1
63960	0
63970	1
63986	0
63996	1
64013	0
64023	1
64039	0
64050	1
64064	0
64075	1
64091	0
64101	1
64117	0
64128	1
64143	0
64573	1
64588	0
64600	1
64615	0
64626	1
64641	0
64652	1
64667	0
64678	1
64693	0
64705	1
64720	0
64731	1
64746	0
64756	1
64772	0
64782	1
64799	0
64809	1
64825	0
64835	1
64851	0
64861	1
64877	0
64887	1
64904	0
64914	1
64931	0
64940	1
64956	0
64966	1
64982	0
66250	1
66266	0
66276	1
66293	0
66303	1
66319	0
66329	1
66345	0
66355	1
66371	0
66381	1
66398	0
66408	1
66423	0
66434	1
66450	0
66460	1
66476	0
66486	1
66501	0
66513	1
66528	0
66539	1
66554	0
66565	1
66580	0
66591	1
66606	0
66618	1
66633	0
66644	1
66659	0
67927	1
67943	0
67954	1
67969	0
67979	1
67996	0
68013	1
68023	0
68032	1
68048	0
68059	1
68074	0
68085	1
68101	0
68112	1
68127	0
68137	1
68153	0
68163	1
68179	0
68190	1
68205	0
68215	1
68232	0
68242	1
68258	0
68268	1
68284	0
68294	1
68310	0
68320	1
68337	0
68766	1
68782	0
68793	1
68808	0
68819	1
68834	0
68844	1
68861	0
68871	1
68887	0
68897	1
68913	0
68923	1
68939	0
68949	1
68966	0
68976	1
68992	0
69002	1
69018	0
69028	1
69044	0
69055	1
69070	0
69080	1
69097	0
69107	1
69123	0
69133	1
69149	0
69159	1
69174	0
70444	1
70459	0
70470	1
70485	0
70496	1
70511	0
70523	1
70538	0
70548	1
70564	0
70574	1
70590	0
70600	1
70616	0
70627	1
70643	0
70653	1
70669	0
70679	1
70695	0
70706	1
70721	0
70732	1
70747	0
70758	1
70773	0
70785	1
70800	0
70810	1
70826	0
70836	1
70852	0
71283	1
71298	0
71309	1
71324	0
71335	1
71350	0
71361	1
71376	0
71388	1
71403	0
71413	1
71429	0
71440	1
71455	0
71465	1
71481	0
71491	1
71508	0
71518	1
71534	0
71544	1
71560	0
71570	1
71586	0
71596	1
71613	0
71623	1
71639	0
71649	1
71665	0
71675	1
71691	0
72121	1
72136	0
72147	1
72162	0
72174	1
72189	0
72200	1
72215	0
72226	1
72241	0
72251	1
72267	0
72278	1
72294	0
72304	1
72320	0
72330	1
72346	0
72356	1
72372	0
72382	1
72399	0
72409	1
72425	0
72435	1
72451	0
72461	1
72477	0
72487	1
72504	0
72514	1
72529	0
72960	1
72975	0
72986	1
73001	0
73012	1
73027	0
73038	1
73053	0
73065	1
73080	0
73091	1
73106	0
73117	1
73132	0
73142	1
73158	0
73168	1
73185	0
73195	1
73211	0
73221	1
73237	0
73247	1
73263	0
73274	1
73290	0
73300	1
73319	0
73327	1
73342	0
73353	1
73368	0
73798	1
73813	0
73825	1
73840	0
73851	1
73866	0
73876	1
73892	0
73902	1
73919	0
73929	1
73945	0
73955	1
73971	0
73981	1
73997	0
74007	1
74024	0
74034	1
74057	0
74060	1
74076	0
74086	1
74102	0
74112	1
74128	0
74138	1
74155	0
74165	1
74182	0
74191	1
74207	0
74637	1
74653	0
74662	1
74679	0
74690	1
74705	0
74716	1
74731	0
74741	1
74757	0
74767	1
74783	0
74793	1
74810	0
74820	1
74836	0
74846	1
74862	0
74872	1
74888	0
74899	1
74914	0
74925	1
74940	0
74951	1
74966	0
74978	1
74993	0
75004	1
75019	0
75030	1
75045	0
75476	1
75491	0
75502	1
75517	0
75528	1
75543	0
75553	1
75570	0
75580	1
75596	0
75606	1
75622	0
75632	1
75648	0
75658	1
75675	0
75685	1
75701	0
75711	1
75727	0
75737	1
75753	0
75764	1
75780	0
75790	1
75805	0
75816	1
75831	0
75842	1
75857	0
75869	1
75884	0
76315	1
76330	0
76340	1
76356	0
76366	1
76382	0
76392	1
76408	0
76418	1
76435	0
76445	1
76461	0
76471	1
76487	0
76497	1
76513	0
76523	1
76540	0
76550	1
76566	0
76576	1
76592	0
76602	1
76618	0
76628	1
76643	0
76655	1
76670	0
76682	1
76696	0
76707	1
76723	0
77152	1
77168	0
77178	1
77194	0
77204	1
77221	0
77231	1
77247	0
77257	1
77274	0
77283	1
77299	0
77310	1
77325	0
77336	1
77352	0
77362	1
77378	0
77388	1
77404	0
77414	1
77432	0
77440	1
77457	0
77467	1
77483	0
77493	1
77509	0
77519	1
77536	0
77546	1
77562	0
78830	1
78845	0
78856	1
78871	0
78883	1
78898	0
78908	1
78924	0
78934	1
78950	0
78960	1
78977	0
78987	1
79003	0
79013	1
79029	0
79039	1
79055	0
79065	1
79082	0
79092	1
79108	0
79118	1
79134	0
79144	1
79160	0
79170	1
79187	0
79197	1
79213	0
79223	1
79239	0
80507	1
80522	0
80534	1
80549	0
80559	1
80575	0
80585	1
80601	0
80612	1
80627	0
80638	1
80654	0
80664	1
80681	0
80691	1
80716	0
80717	1
80733	0
80743	1
80758	0
80769	1
80784	0
80796	1
80811	0
80822	1
80837	0
80847	1
80863	0
80873	1
80890	0
80900	1
80916	0
81345	1
81362	0
81372	1
81388	0
81398	1
81413	0
81424	1
81440	0
81451	1
81466	0
81477	1
81492	0
81503	1
81518	0
81529	1
81544	0
81556	1
81570	0
81582	1
81597	0
81608	1
81623	0
81634	1
81649	0
81661	1
81676	0
81687	1
81702	0
81713	1
81728	0
81739	1
81754	0
82185	1
82200	0
82211	1
82226	0
82237	1
82252	0
82262	1
82279	0
82289	1
82305	0
82316	1
82331	0
82341	1
82357	0
82367	1
82384	0
82394	1
82410	0
82420	1
82436	0
82446	1
82462	0
82472	1
82489	0
82499	1
82515	0
82525	1
82541	0
82551	1
82567	0
82577	1
82598	0
83023	1
83039	0
83050	1
83065	0
83076	1
83091	0
83102	1
83117	0
83127	1
83143	0
83154	1
83170	0
83180	1
83196	0
83206	1
83222	0
83232	1
83248	0
83258	1
83275	0
83285	1
83301	0
83311	1
83327	0
83344	1
83354	0
83363	1
83379	0
83389	1
83406	0
83416	1
83433	0
83861	1
83877	0
83887	1
83904	0
83925	1
83929	0
83940	1
83956	0
83966	1
83982	0
83993	1
84008	0
84019	1
84035	0
84045	1
84060	0
84071	1
84086	0
84098	1
84113	0
84124	1
84139	0
84150	1
84165	0
84177	1
84191	0
84203	1
84218	0
84229	1
84244	0
84255	1
84270	0
84700	1
84715	0
84727	1
84742	0
84753	1
84768	0
84779	1
84794	0
84805	1
84820	0
84832	1
84847	0
84858	1
84873	0
84883	1
84899	0
84909	1
84926	0
84937	1
84952	0
84962	1
84978	0
84988	1
85004	0
85014	1
85031	0
85041	1
85058	0
85067	1
85083	0
85093	1
85109	0
85539	1
85554	0
85565	1
85581	0
85591	1
85607	0
85617	1
85633	0
85643	1
85660	0
85670	1
85686	0
85696	1
85711	0
85723	1
85738	0
85749	1
85764	0
85775	1
85790	0
85800	1
85817	0
85827	1
85843	0
85853	1
85869	0
85879	1
85896	0
85906	1
85922	0
85933	1
85948	0
86378	1
86393	0
86404	1
86419	0
86429	1
86445	0
86457	1
86472	0
86482	1
86498	0
86508	1
86524	0
86534	1
86551	0
86565	1
86576	0
86588	1
86603	0
86613	1
86629	0
86639	1
86655	0
86665	1
86682	0
86692	1
86708	0
86718	1
86734	0
86744	1
86760	0
86770	1
86787	0
87216	1
87232	0
87242	1
87258	0
87268	1
87284	0
87302	1
87310	0
87321	1
87337	0
87347	1
87363	0
87373	1
87390	0
87400	1
87415	0
87426	1
87442	0
87452	1
87467	0
87478	1
87493	0
87504	1
87520	0
87531	1
87546	0
87558	1
87572	0
87583	1
87598	0
87609	1
87624	0
88893	1
88909	0
88919	1
88935	0
88945	1
88962	0
88972	1
88988	0
88998	1
89014	0
89024	1
89040	0
89051	1
89067	0
89077	1
89092	0
89103	1
89118	0
89129	1
89144	0
89156	1
89171	0
89183	1
89197	0
89208	1
89229	0
89234	1
89249	0
89261	1
89276	0
89287	1
89302	0
89732	1
89748	0
89758	1
89773	0
89785	1
89800	0
89811	1
89852	0
89864	1
89879	0
89889	1
89905	0
89915	1
89931	0
89942	1
89957	0
89968	1
89983	0
89998	1
90010	0
90021	1
90036	0
90046	1
90062	0
90072	1
90088	0
90098	1
90115	0
90125	1
90141	0
90571	1
90586	0
90596	1
90612	0
90622	1
90639	0
90649	1
90665	0
90675	1
90691	0
90701	1
90717	0
90727	1
90744	0
90754	1
90770	0
90780	1
90796	0
90806	1
90823	0
90833	1
90848	0
90859	1
90874	0
90885	1
90900	0
90912	1
90927	0
90938	1
90953	0
90964	1
90979	0
91409	1
91425	0
91436	1
91451	0
91461	1
91477	0
91487	1
91504	0
91514	1
91530	0
91540	1
91556	0
91566	1
91582	0
91592	1
91609	0
91619	1
91635	0
91645	1
91661	0
91671	1
91687	0
91697	1
91714	0
91724	1
91740	0
91750	1
91766	0
91776	1
91791	0
91802	1
91817	0
92248	1
92263	0
92274	1
92290	0
92300	1
92316	0
92326	1
92342	0
92352	1
92368	0
92378	1
92395	0
92405	1
92421	0
92431	1
92447	0
92457	1
92473	0
92483	1
92500	0
92510	1
92526	0
92536	1
92552	0
92562	1
92578	0
92588	1
92605	0
92617	1
92630	0
92641	1
92656	0
93086	1
93102	0
93112	1
93129	0
93139	1
93155	0
93165	1
93207	0
93217	1
93233	0
93243	1
93260	0
93270	1
93286	0
93296	1
93312	0
93322	1
93338	0
93349	1
93365	0
93375	1
93390	0
93401	1
93416	0
93427	1
93442	0
93453	1
93469	0
93480	1
93495	0
93925	1
93941	0
93952	1
93967	0
93977	1
93994	0
94004	1
94020	0
94030	1
94046	0
94056	1
94071	0
94083	1
94098	0
94109	1
94124	0
94135	1
94150	0
94161	1
94177	0
94188	1
94203	0
94214	1
94229	0
94240	1
94255	0
94265	1
94281	0
94291	1
94309	0
94319	1
94334	0
94764	1
94780	0
94790	1
94806	0
94816	1
94831	0
94842	1
94858	0
94869	1
94884	0
94895	1
94910	0
94921	1
94936	0
94947	1
94962	0
94974	1
94989	0
95000	1
95015	0
95026	1
95041	0
95053	1
95067	0
95079	1
95094	0
95105	1
95120	0
95130	1
95146	0
95156	1
95173	0
95603	1
95618	0
95629	1
95644	0
95655	1
95670	0
95681	1
95696	0
95707	1
95722	0
95734	1
95749	0
95760	1
95775	0
95786	1
95801	0
95813	1
95827	0
95838	1
95855	0
95864	1
95880	0
95891	1
95906	0
95917	1
95934	0
95943	1
95958	0
95970	1
95985	0
95996	1
96011	0
96441	1
96457	0
96467	1
96483	0
96493	1
96508	0
96520	1
96535	0
96546	1
96561	0
96572	1
96587	0
96598	1
96614	0
96624	1
96640	0
96650	1
96666	0
96676	1
96693	0
96703	1
96719	0
96729	1
96745	0
96755	1
96771	0
96781	1
96798	0
96808	1
96824	0
96834	1
96850	0
97280	1
97295	0
97306	1
97321	0
97333	1
97348	0
97359	1
97374	0
97384	1
97400	0
97410	1
97426	0
97436	1
97453	0
97463	1
97479	0
97489	1
97505	0
97515	1
97532	0
97542	1
97558	0
97568	1
97584	0
97594	1
97610	0
97620	1
97635	0
97647	1
97662	0
97673	1
97689	0
98119	1
98134	0
98145	1
98160	0
98170	1
98186	0
98197	1
98212	0
98224	1
98239	0
98249	1
98265	0
98275	1
98291	0
98301	1
98317	0
98327	1
98344	0
98354	1
98370	0
98380	1
98396	0
98406	1
98423	0
98433	1
98449	0
98464	1
98475	0
98485	1
98501	0
98512	1
98527	0
98957	1
98972	0
98983	1
98998	0
99010	1
99025	0
99036	1
99051	0
99062	1
99077	0
99088	1
99103	0
99115	1
99130	0
99141	1
99156	0
99166	1
99182	0
99193	1
99209	0
99218	1
99234	0
99245	1
99260	0
99272	1
99287	0
99298	1
99313	0
99324	1
99339	0
99350	1
99365	0
99795	1
99812	0
99848	1
99864	0
99874	1
99890	0
99900	1
99915	0
99927	1
99942	0
99953	1
99968	0
99979	1
99994	0
100005	1
100020	0
100032	1
100047	0
100058	1
100073	0
100084	1
100099	0
100111	1
100126	0
100136	1
100152	0
100162	1
100178	0
100188	1
100204	0
100634	1
100649	0
100660	1
100675	0
100687	1
100702	0
100713	1
100728	0
100739	1
100754	0
100765	1
100781	0
100792	1
100807	0
100818	1
100833	0
100844	1
100859	0
100869	1
100886	0
100896	1
100912	0
100922	1
100938	0
100948	1
100964	0
100974	1
100991	0
101001	1
101017	0
101027	1
101043	0
101472	1
101489	0
101499	1
101515	0
101525	1
101541	0
101551	1
101568	0
101578	1
101593	0
101603	1
101620	0
101630	1
101646	0
101656	1
101672	0
101682	1
101698	0
101709	1
101724	0
101735	1
101750	0
101761	1
101776	0
101788	1
101803	0
101814	1
101829	0
101839	1
101864	0
101866	1
101881	0
102311	1
102327	0
102337	1
102354	0
102364	1
102380	0
102390	1
102406	0
102416	1
102458	0
102469	1
102485	0
102496	1
102511	0
102521	1
102537	0
102547	1
102563	0
102573	1
102589	0
102599	1
102616	0
102626	1
102642	0
102652	1
102668	0
102678	1
102694	0
102704	1
102720	0
103150	1
103166	0
103176	1
103192	0
103202	1
103219	0
103229	1
103245	0
103255	1
103271	0
103281	1
103296	0
103307	1
103324	0
103333	1
103348	0
103360	1
103375	0
103386	1
103401	0
103412	1
103427	0
103438	1
103453	0
103465	1
103480	0
103491	1
103506	0
103517	1
103532	0
103544	1
103559	0
103989	1
104004	0
104014	1
104031	0
104041	1
104057	0
104067	1
104083	0
104093	1
104109	0
104119	1
104136	0
104146	1
104162	0
104172	1
104188	0
104198	1
104214	0
104224	1
104241	0
104251	1
104267	0
104277	1
104293	0
104303	1
104319	0
104329	1
104345	0
104355	1
104372	0
104382	1
104397	0
104828	1
104843	0
104854	1
104869	0
104879	1
104895	0
104905	1
104922	0
104932	1
104948	0
104959	1
104974	0
104984	1
105000	0
105010	1
105027	0
105037	1
105053	0
105063	1
105079	0
105089	1
105105	0
105115	1
105131	0
105141	1
105158	0
105168	1
105184	0
105194	1
105210	0
105220	1
105236	0
105665	1
105682	0
105693	1
105708	0
105719	1
105734	0
105744	1
105760	0
105770	1
105787	0
105797	1
105814	0
105823	1
105839	0
105849	1
105865	0
105875	1
105892	0
105902	1
105918	0
105928	1
105944	0
105954	1
105970	0
105980	1
105997	0
106007	1
106022	0
106033	1
106048	0
106060	1
106074	0
106505	1
106520	0
106531	1
106546	0
106558	1
106573	0
106584	1
106599	0
106609	1
106625	0
106635	1
106651	0
106661	1
106678	0
106688	1
106704	0
106714	1
106730	0
106740	1
106757	0
106767	1
106783	0
106793	1
106808	0
106819	1
106834	0
106845	1
106860	0
106872	1
106887	0
106898	1
106913	0
107343	1
107359	0
107369	1
107385	0
107395	1
107412	0
107422	1
107438	0
107448	1
107464	0
107474	1
107490	0
107500	1
107517	0
107527	1
107543	0
107553	1
107569	0
107579	1
107594	0
107605	1
107620	0
107632	1
107647	0
107658	1
107673	0
107684	1
107703	0
107711	1
107726	0
107736	1
107753	0
108181	1
108197	0
108207	1
108224	0
108234	1
108250	0
108260	1
108276	0
108286	1
108303	0
108312	1
108329	0
108339	1
108355	0
108365	1
108381	0
108391	1
108408	0
108418	1
108434	0
108448	1
108459	0
108470	1
108486	0
108496	1
108512	0
108522	1
108539	0
108549	1
108565	0
108575	1
108591	0
109021	1
109036	0
109047	1
109063	0
109073	1
109089	0
109099	1
109114	0
109125	1
109140	0
109152	1
109167	0
109178	1
109193	0
109204	1
109219	0
109230	1
109245	0
109257	1
109272	0
109283	1
109298	0
109309	1
109324	0
109335	1
109350	0
109362	1
109377	0
109388	1
109403	0
109414	1
109429	0
109859	1
109875	0
109885	1
109900	0
109912	1
109927	0
109938	1
109953	0
109964	1
109979	0
109991	1
110006	0
110017	1
110032	0
110042	1
110058	0
110069	1
110084	0
110094	1
110111	0
110121	1
110137	0
110147	1
110163	0
110173	1
110190	0
110200	1
110216	0
110226	1
110242	0
110252	1
110268	0
110697	1
110714	0
110724	1
110740	0
110750	1
110766	0
110776	1
110793	0
110803	1
110819	0
110829	1
110844	0
110855	1
110870	0
110881	1
110896	0
110908	1
110923	0
110934	1
110949	0
110960	1
110975	0
110986	1
111001	0
111013	1
111028	0
111039	1
111054	0
111065	1
111080	0
111091	1
111107	0
111536	1
111552	0
111563	1
111578	0
111588	1
111605	0
111615	1
111631	0
111641	1
111657	0
111694	1
111709	0
111720	1
111735	0
111746	1
111762	0
111773	1
111788	0
111798	1
111815	0
111825	1
111841	0
111851	1
111866	0
111877	1
111892	0
111903	1
111918	0
111930	1
111945	0
112375	1
112391	0
112401	1
112417	0
112430	1
112443	0
112454	1
112469	0
112479	1
112495	0
112506	1
112522	0
112532	1
112548	0
112558	1
112574	0
112584	1
112600	0
112610	1
112627	0
112637	1
112653	0
112663	1
112679	0
112689	1
112705	0
112715	1
112732	0
112742	1
112758	0
112768	1
112784	0
113214	1
113229	0
113240	1
113255	0
113266	1
113281	0
113293	1
113308	0
113319	1
113334	0
113345	1
113360	0
113371	1
113386	0
113398	1
113413	0
113424	1
113439	0
113450	1
113465	0
113476	1
113491	0
113502	1
113517	0
113529	1
113544	0
113554	1
113570	0
113581	1
113596	0
113606	1
113622	0
114052	1
114068	0
114078	1
114094	0
114104	1
114120	0
114130	1
114147	0
114157	1
114173	0
114183	1
114199	0
114209	1
114225	0
114235	1
114252	0
114262	1
114278	0
114288	1
114304	0
114320	1
114330	0
114340	1
114356	0
114366	1
114383	0
114393	1
114409	0
114419	1
114436	0
114445	1
114461	0
114891	1
114906	0
114918	1
114933	0
114944	1
114959	0
114970	1
114985	0
114996	1
115011	0
115021	1
115038	0
115048	1
115070	0
115074	1
115090	0
115100	1
115116	0
115126	1
115143	0
115153	1
115169	0
115179	1
115195	0
115205	1
115221	0
115231	1
115248	0
115258	1
115274	0
115284	1
115299	0
115729	1
115746	0
115756	1
115771	0
115781	1
115798	0
115808	1
115824	0
115834	1
115850	0
115860	1
115877	0
115887	1
115903	0
115913	1
115929	0
115939	1
115955	0
115965	1
115982	0
115992	1
116007	0
116018	1
116033	0
116044	1
116059	0
116070	1
116085	0
116097	1
116112	0
116123	1
116138	0
116568	1
116584	0
116594	1
116610	0
116620	1
116637	0
116647	1
116663	0
116673	1
116689	0
116699	1
116715	0
116725	1
116742	0
116752	1
116767	0
116778	1
116793	0
116804	1
116819	0
116830	1
116845	0
116857	1
116872	0
116883	1
116898	0
116909	1
116924	0
116936	1
116950	0
116961	1
116977	0
117407	1
117423	0
117433	1
117449	0
117459	1
117475	0
117485	1
117502	0
117512	1
117527	0
117538	1
117553	0
117564	1
117580	0
117590	1
117605	0
117617	1
117632	0
117643	1
117658	0
117669	1
117684	0
117700	1
117710	0
117722	1
117737	0
117748	1
117763	0
117773	1
117789	0
117799	1
117816	0
118245	1
118261	0
118271	1
118288	0
118298	1
118314	0
118324	1
118340	0
118350	1
118366	0
118376	1
118391	0
118403	1
118418	0
118429	1
118444	0
118455	1
118470	0
118481	1
118497	0
118508	1
118523	0
118534	1
118549	0
118560	1
118575	0
118585	1
118602	0
118612	1
118628	0
118638	1
118654	0
119084	1
119100	0
119110	1
119125	0
119137	1
119152	0
119163	1
119178	0
119189	1
119204	0
119215	1
119230	0
119242	1
119257	0
119268	1
119283	0
119294	1
119309	0
119320	1
119335	0
119346	1
119362	0
119372	1
119388	0
119398	1
119414	0
119424	1
119440	0
119451	1
119466	0
119477	1
119492	0
120761	1
120778	0
120788	1
120803	0
120814	1
120829	0
120840	1
120855	0
120866	1
120881	0
120893	1
120908	0
120919	1
120940	0
120945	1
120960	0
120971	1
120987	0
120997	1
121013	0
121024	1
121039	0
121049	1
121066	0
121076	1
121092	0
121102	1
121117	0
121128	1
121143	0
121155	1
121170	0
121600	1
121616	0
121626	1
121642	0
121652	1
121667	0
121685	1
121694	0
121705	1
121720	0
121731	1
121746	0
121758	1
121773	0
121784	1
121799	0
121809	1
121825	0
121835	1
121851	0
121861	1
121878	0
121888	1
121904	0
121914	1
121930	0
121940	1
121956	0
121966	1
121983	0
121993	1
122009	0
122438	1
122454	0
122465	1
122481	0
122491	1
122507	0
122517	1
122533	0
122543	1
122558	0
122570	1
122585	0
122596	1
122611	0
122622	1
122637	0
122648	1
122664	0
122675	1
122690	0
122701	1
122716	0
122727	1
122742	0
122754	1
122769	0
122779	1
122795	0
122805	1
122821	0
122831	1
122848	0
123277	1
123293	0
123303	1
123319	0
123329	1
123345	0
123355	1
123372	0
123382	1
123398	0
123408	1
123424	0
123434	1
123450	0
123460	1
123477	0
123487	1
123503	0
123513	1
123529	0
123539	1
123555	0
123565	1
123581	0
123592	1
123607	0
123618	1
123633	0
123645	1
123660	0
123670	1
123686	0
124116	1
124131	0
124143	1
124158	0
124168	1
124184	0
124195	1
124210	0
124220	1
124236	0
124246	1
124263	0
124273	1
124289	0
124299	1
124315	0
124326	1
124341	0
124352	1
124367	0
124378	1
124393	0
124404	1
124419	0
124431	1
124446	0
124457	1
124472	0
124483	1
124498	0
124509	1
124524	0
124954	1
124971	0
124980	1
124996	0
125007	1
125023	0
125033	1
125048	0
125059	1
125075	0
125085	1
125102	0
125112	1
125127	0
125138	1
125153	0
125164	1
125179	0
125190	1
125205	0
125217	1
125232	0
125243	1
125258	0
125269	1
125284	0
125296	1
125311	0
125322	1
125337	0
125348	1
125363	0
125793	1
125808	0
125820	1
125835	0
125846	1
125861	0
125872	1
125887	0
125897	1
125914	0
125924	1
125940	0
125950	1
125966	0
125976	1
125992	0
126002	1
126019	0
126029	1
126045	0
126055	1
126071	0
126081	1
126098	0
126108	1
126123	0
126134	1
126149	0
126160	1
126175	0
126186	1
126201	0
126632	1
126647	0
126658	1
126673	0
126685	1
126699	0
126711	1
126726	0
126737	1
126752	0
126763	1
126778	0
126788	1
126805	0
126815	1
126831	0
126841	1
126857	0
126867	1
126883	0
126893	1
126910	0
126920	1
126936	0
126952	1
126962	0
126972	1
126988	0
126999	1
127015	0
127025	1
127040	0
127470	1
127486	0
127496	1
127512	0
127523	1
127538	0
127549	1
127564	0
127575	1
127590	0
127602	1
127617	0
127628	1
127643	0
127654	1
127669	0
127681	1
127695	0
127707	1
127722	0
127733	1
127748	0
127758	1
127774	0
127784	1
127801	0
127811	1
127827	0
127837	1
127853	0
127863	1
127879	0
128309	1
128324	0
128336	1
128351	0
128362	1
128377	0
128388	1
128403	0
128413	1
128429	0
128441	1
128456	0
128466	1
128482	0
128492	1
128508	0
128518	1
128534	0
128544	1
128561	0
128571	1
128587	0
128597	1
128613	0
128623	1
128639	0
128649	1
128666	0
128676	1
128692	0
128702	1
128718	0
129148	1
129163	0
129173	1
129189	0
129201	1
129216	0
129226	1
129242	0
129252	1
129268	0
129278	1
129295	0
129305	1
129321	0
129331	1
129347	0
129357	1
129373	0
129383	1
129398	0
129410	1
129425	0
129436	1
129451	0
129462	1
129477	0
129488	1
129503	0
129515	1
129530	0
129541	1
129556	0
129987	1
130002	0
130012	1
130028	0
130038	1
130054	0
130064	1
130081	0
130091	1
130107	0
130117	1
130133	0
130143	1
130160	0
130181	1
130186	0
130196	1
130211	0
130222	1
130238	0
130248	1
130264	0
130275	1
130290	0
130301	1
130316	0
130327	1
130342	0
130354	1
130369	0
130379	1
130395	0
130825	1
130840	0
130851	1
130866	0
130878	1
130893	0
130904	1
130919	0
130929	1
130945	0
130956	1
130972	0
130982	1
130998	0
131008	1
131024	0
131034	1
131049	0
131061	1
131076	0
131087	1
131102	0
131113	1
131128	0
131140	1
131155	0
131166	1
131181	0
131192	1
131207	0
131218	1
131233	0
131663	1
131680	0
131689	1
131706	0
131716	1
131732	0
131742	1
131757	0
131768	1
131783	0
131795	1
131810	0
131821	1
131836	0
131847	1
131862	0
131874	1
131889	0
131900	1
131915	0
131925	1
131941	0
131952	1
131967	0
131977	1
131994	0
132004	1
132020	0
132030	1
132046	0
132056	1
132072	0
132501	1
132518	0
132528	1
132544	0
132554	1
132570	0
132580	1
132596	0
132606	1
132623	0
132633	1
132649	0
132659	1
132675	0
132685	1
132701	0
132711	1
132728	0
132738	1
132754	0
132764	1
132780	0
132790	1
132807	0
132820	1
132832	0
132843	1
132858	0
132869	1
132885	0
132896	1
132911	0
133341	1
133356	0
133367	1
133382	0
133394	1
133409	0
133419	1
133435	0
133446	1
133461	0
133471	1
133487	0
133497	1
133514	0
133524	1
133540	0
133550	1
133566	0
133577	1
133592	0
133603	1
133618	0
133630	1
133645	0
133655	1
133671	0
133681	1
133698	0
133708	1
133723	0
133734	1
133749	0
134179	1
134195	0
134206	1
134221	0
134232	1
134248	0
134258	1
134273	0
134284	1
134299	0
134311	1
134325	0
134337	1
134352	0
134363	1
134378	0
134389	1
134404	0
134416	1
134431	0
134442	1
134457	0
134468	1
134483	0
134494	1
134509	0
134521	1
134536	0
134547	1
134562	0
134573	1
134588	0
135018	1
135034	0
135044	1
135059	0
135070	1
135085	0
135097	1
135112	0
135123	1
135138	0
135149	1
135164	0
135176	1
135190	0
135202	1
135217	0
135228	1
135243	0
135254	1
135269	0
135281	1
135296	0
135306	1
135322	0
135333	1
135348	0
135358	1
135374	0
135384	1
135401	0
135411	1
135427	0
135857	1
135872	0
135883	1
135898	0
135909	1
135924	0
135936	1
135950	0
135962	1
135977	0
135988	1
136003	0
136014	1
136029	0
136041	1
136056	0
136067	1
136082	0
136093	1
136108	0
136118	1
136134	0
136144	1
136161	0
136171	1
136187	0
136204	1
136212	0
136224	1
136239	0
136250	1
136265	0
136695	1
136710	0
136722	1
136737	0
136748	1
136763	0
136774	1
136789	0
136800	1
136816	0
136827	1
136842	0
136853	1
136868	0
136878	1
136894	0
136905	1
136920	0
136932	1
136946	0
136958	1
136973	0
136984	1
136999	0
137009	1
137025	0
137035	1
137052	0
137062	1
137078	0
137088	1
137104	0
137534	1
137550	0
137560	1
137576	0
137586	1
137602	0
137612	1
137628	0
137638	1
137655	0
137665	1
137681	0
137691	1
137707	0
137717	1
137733	0
137743	1
137760	0
137770	1
137786	0
137796	1
137811	0
137822	1
137837	0
137849	1
137864	0
137875	1
137890	0
137901	1
137916	0
137927	1
137942	0
138372	1
138389	0
138399	1
138415	0
138425	1
138441	0
138451	1
138467	0
138477	1
138493	0
138503	1
138520	0
138530	1
138545	0
138556	1
138572	0
138582	1
138597	0
138608	1
138624	0
138635	1
138650	0
138661	1
138676	0
138687	1
138702	0
138713	1
138729	0
138740	1
138755	0
138766	1
138781	0
139211	1
139226	0
139238	1
139253	0
139264	1
139279	0
139290	1
139305	0
139316	1
139331	0
139342	1
139357	0
139369	1
139384	0
139421	1
139436	0
139447	1
139463	0
139474	1
139489	0
139499	1
139516	0
139526	1
139541	0
139552	1
139567	0
139578	1
139594	0
139605	1
139620	0
140049	1
140065	0
140076	1
140092	0
140102	1
140118	0
140128	1
140144	0
140154	1
140171	0
140187	1
140196	0
140207	1
140222	0
140233	1
140248	0
140260	1
140275	0
140286	1
140301	0
140312	1
140327	0
140338	1
140354	0
140365	1
140380	0
140391	1
140406	0
140416	1
140432	0
140443	1
140459	0
140888	1
140904	0
140914	1
140931	0
140940	1
140957	0
140967	1
140983	0
140993	1
141009	0
141019	1
141036	0
141046	1
141062	0
141072	1
141088	0
141098	1
141114	0
141124	1
141139	0
141151	1
141166	0
141177	1
141193	0
141203	1
141218	0
141229	1
141244	0
141255	1
141271	0
141282	1
141297	0
141728	1
141743	0
141753	1
141769	0
141779	1
141795	0
141805	1
141822	0
141832	1
141848	0
141858	1
141874	0
141884	1
141900	0
141910	1
141925	0
141937	1
141953	0
141963	1
141979	0
141989	1
142004	0
142015	1
142030	0
142042	1
142057	0
142068	1
142083	0
142094	1
142109	0
142120	1
142136	0
142567	1
142582	0
142592	1
142608	0
142618	1
142634	0
142644	1
142659	0
142671	1
142686	0
142697	1
142713	0
142723	1
142738	0
142749	1
142764	0
142775	1
142790	0
142802	1
142817	0
142827	1
142844	0
142855	1
142870	0
142880	1
142896	0
142906	1
142922	0
142932	1
142949	0
142959	1
142974	0
143411	1
143420	0
143431	1
143447	0
143456	1
143473	0
143483	1
143499	0
143509	1
143525	0
143535	1
143551	0
143562	1
143577	0
143587	1
143604	0
143614	1
143629	0
143641	1
143656	0
143666	1
143682	0
143693	1
143708	0
143719	1
143734	0
143745	1
143761	0
143771	1
143787	0
143798	1
143813	0
144243	1
144258	0
144269	1
144284	0
144296	1
144311	0
144322	1
144337	0
144348	1
144363	0
144374	1
144389	0
144401	1
144416	0
144427	1
144442	0
144453	1
144468	0
144479	1
144494	0
144506	1
144521	0
144531	1
144547	0
144557	1
144573	0
144583	1
144599	0
144609	1
144626	0
144636	1
144652	0
157908	1
157930	0
157934	1
157950	0
157961	1
157976	0
157987	1
158003	0
158012	1
158029	0
158039	1
158054	0
158064	1
158081	0
158091	1
158107	0
158117	1
158133	0
158143	1
158159	0
158169	1
158186	0
158196	1
158212	0
158222	1
158238	0
158248	1
158264	0
158274	1
158291	0
158301	1
158318	0
158327	1
158343	0
158353	1
158369	0
158379	1
158395	0
158406	1
158421	0
158432	1
158448	0
158458	1
158473	0
158485	1
158500	0
158511	1
158526	0
158537	1
158552	0
158563	1
158578	0
158589	1
158604	0
158616	1
158631	0
158642	1
158657	0
158676	1
158684	0
158694	1
158710	0
158720	1
158736	0
158746	1
158763	0
158773	1
158789	0
158799	1
158814	0
158825	1
158840	0
158851	1
158866	0
158878	1
158893	0
158904	1
158919	0
158930	1
158945	0
158956	1
158971	0
158983	1
158998	0
159009	1
159024	0
159035	1
159050	0
159061	1
159076	0
159088	1
159103	0
159114	1
159129	0
159140	1
159155	0
159165	1
159181	0
159192	1
159207	0
159219	1
159234	0
159247	1
159261	0
159270	1
159286	0
159297	1
159312	0
159323	1
159339	0
159349	1
159364	0
159376	1
159391	0
159402	1
159417	0
159428	1
159443	0
159454	1
159469	0
159481	1
159496	0
159507	1
159522	0
159532	1
159548	0
159558	1
159574	0
159586	1
159601	0
159611	1
159627	0
159637	1
159653	0
159663	1
159680	0
159690	1
159706	0
159716	1
159732	0
159742	1
159758	0
159768	1
159784	0
159794	1
159811	0
159848	1
159863	0
159873	1
159889	0
159899	1
159915	0
159925	1
159943	0
159952	1
159968	0
159978	1
159993	0
160004	1
160026	0
160031	1
160047	0
160057	1
160073	0
160083	1
160099	0
160109	1
160125	0
160135	1
160152	0
160162	1
160177	0
160188	1
160204	0
160214	1
160230	0
160240	1
160255	0
160266	1
160282	0
160293	1
160308	0
160319	1
160334	0
160345	1
160360	0
160371	1
160386	0
160398	1
160413	0
160424	1
160439	0
160450	1
160465	0
160476	1
160491	0
160503	1
160518	0
160529	1
160544	0
160554	1
160570	0
160581	1
160600	0
160607	1
160623	0
160634	1
160649	0
160659	1
160676	0
160685	1
160702	0
160712	1
160727	0
160738	1
160753	0
160765	1
160780	0
160791	1
160806	0
160818	1
160832	0
160844	1
160859	0
160869	1
160885	0
160895	1
160911	0
160921	1
160937	0
160947	1
160964	0
160974	1
160990	0
161000	1
161016	0
161026	1
161043	0
161053	1
161069	0
161079	1
161094	0
161105	1
161120	0
161131	1
161146	0
161158	1
161173	0
161184	1
161199	0
161210	1
161225	0
161236	1
161251	0
162939	1
162955	0
162965	1
162982	0
162992	1
163008	0
163018	1
163034	0
163044	1
163061	0
163070	1
163087	0
163097	1
163113	0
163123	1
163139	0
163149	1
163164	0
163176	1
163191	0
163202	1
163223	0
163227	1
163243	0
163253	1
163270	0
163280	1
163296	0
163306	1
163322	0
163332	1
163349	0
164617	1
164633	0
164644	1
164659	0
164669	1
164685	0
164695	1
164711	0
164721	1
164738	0
164748	1
164764	0
164774	1
164790	0
164800	1
164816	0
164827	1
164842	0
164853	1
164868	0
164879	1
164894	0
164905	1
164920	0
164932	1
164947	0
164958	1
164973	0
164984	1
164999	0
165010	1
165025	0
166294	1
166310	0
166320	1
166336	0
166346	1
166362	0
166372	1
166389	0
166399	1
166415	0
166425	1
166441	0
166451	1
166467	0
166478	1
166493	0
166504	1
166519	0
166530	1
166545	0
166556	1
166571	0
166583	1
166598	0
166612	1
166624	0
166635	1
166651	0
166661	1
166677	0
166687	1
166703	0
167132	1
167149	0
167159	1
167192	0
167195	1
167201	0
167211	1
167227	0
167238	1
167253	0
167264	1
167280	0
167289	1
167306	0
167316	1
167332	0
167342	1
167358	0
167368	1
167384	0
167394	1
167411	0
167421	1
167437	0
167447	1
167463	0
167473	1
167489	0
167499	1
167516	0
167526	1
167541	0
167971	1
167987	0
167997	1
168014	0
168024	1
168040	0
168050	1
168066	0
168076	1
168092	0
168102	1
168119	0
168129	1
168145	0
168155	1
168170	0
168181	1
168197	0
168207	1
168222	0
168233	1
168249	0
168260	1
168275	0
168286	1
168301	0
168312	1
168327	0
168338	1
168353	0
168365	1
168380	0
168810	1
168825	0
168836	1
168851	0
168863	1
168878	0
168889	1
168904	0
168915	1
168930	0
168942	1
168956	0
168968	1
168983	0
168993	1
169009	0
169019	1
169035	0
169045	1
169062	0
169072	1
169088	0
169098	1
169114	0
169124	1
169140	0
169150	1
169167	0
169177	1
169194	0
169203	1
169219	0
170487	1
170503	0
170513	1
170529	0
170539	1
170556	0
170566	1
170582	0
170592	1
170609	0
170619	1
170634	0
170645	1
170660	0
170670	1
170686	0
170697	1
170713	0
170723	1
170739	0
170749	1
170765	0
170775	1
170791	0
170801	1
170819	0
170828	1
170844	0
170854	1
170870	0
170880	1
170895	0
171326	1
171341	0
171353	1
171368	0
171379	1
171394	0
171404	1
171420	0
171430	1
171446	0
171457	1
171472	0
171482	1
171499	0
171509	1
171525	0
171535	1
171551	0
171561	1
171577	0
171587	1
171604	0
171614	1
171630	0
171640	1
171656	0
171666	1
171683	0
171693	1
171709	0
171719	1
171735	0
172165	1
172180	0
172191	1
172206	0
172217	1
172232	0
172243	1
172258	0
172270	1
172285	0
172296	1
172311	0
172322	1
172337	0
172348	1
172363	0
172375	1
172390	0
172401	1
172416	0
172426	1
172442	0
172453	1
172468	0
172478	1
172495	0
172505	1
172521	0
172532	1
172547	0
172557	1
172574	0
173842	1
173857	0
173868	1
173883	0
173895	1
173910	0
173920	1
173936	0
173947	1
173962	0
173972	1
173988	0
173998	1
174015	0
174025	1
174041	0
174051	1
174067	0
174077	1
174093	0
174103	1
174120	0
174130	1
174146	0
174156	1
174172	0
174182	1
174198	0
174208	1
174225	0
174235	1
174251	0
175519	1
175535	0
175545	1
175561	0
175571	1
175587	0
175597	1
175614	0
175624	1
175640	0
175650	1
175666	0
175676	1
175691	0
175702	1
175719	0
175729	1
175744	0
175755	1
175770	0
175781	1
175796	0
175808	1
175823	0
175834	1
175849	0
175864	1
175875	0
175886	1
175901	0
175913	1
175928	0
176358	1
176373	0
176384	1
176399	0
176411	1
176441	0
176442	1
176452	0
176463	1
176478	0
176488	1
176505	0
176516	1
176530	0
176541	1
176557	0
176567	1
176583	0
176593	1
176610	0
176620	1
176635	0
176646	1
176661	0
176672	1
176687	0
176698	1
176713	0
176725	1
176740	0
176751	1
176766	0
178035	1
178050	0
178062	1
178076	0
178088	1
178103	0
178114	1
178129	0
178140	1
178155	0
178165	1
178182	0
178192	1
178208	0
178218	1
178234	0
178244	1
178260	0
178270	1
178287	0
178297	1
178313	0
178323	1
178339	0
178349	1
178365	0
178375	1
178392	0
178402	1
178418	0
178428	1
178443	0
178874	1
178889	0
178900	1
178915	0
178925	1
178942	0
178953	1
178968	0
178979	1
178994	0
179004	1
179020	0
179030	1
179047	0
179057	1
179081	0
179083	1
179098	0
179110	1
179125	0
179136	1
179151	0
179162	1
179177	0
179189	1
179203	0
179215	1
179230	0
179241	1
179256	0
179266	1
179282	0
179713	1
179728	0
179739	1
179754	0
179765	1
179780	0
179790	1
179806	0
179855	1
179859	0
179869	1
179886	0
179896	1
179911	0
179922	1
179937	0
179949	1
179964	0
179975	1
179990	0
180000	1
180016	0
180026	1
180042	0
180052	1
180069	0
180079	1
180095	0
180105	1
180121	0
181389	1
181405	0
181415	1
181432	0
181442	1
181458	0
181468	1
181484	0
181494	1
181510	0
181520	1
181537	0
181547	1
181562	0
181573	1
181588	0
181599	1
181615	0
181625	1
181641	0
181651	1
181667	0
181677	1
181694	0
181704	1
181719	0
181731	1
181746	0
181756	1
181772	0
181782	1
181798	0
183066	1
183082	0
183093	1
183108	0
183120	1
183135	0
183146	1
183161	0
183172	1
183187	0
183198	1
183213	0
183224	1
183240	0
183250	1
183266	0
183276	1
183292	0
183302	1
183318	0
183328	1
183344	0
183354	1
183371	0
183381	1
183397	0
183407	1
183423	0
183433	1
183449	0
183459	1
183476	0
183905	1
183920	0
183932	1
183948	0
183958	1
183973	0
183984	1
183999	0
184010	1
184025	0
184037	1
184052	0
184063	1
184078	0
184089	1
184104	0
184115	1
184130	0
184142	1
184157	0
184168	1
184183	0
184193	1
184209	0
184220	1
184235	0
184245	1
184262	0
184272	1
184288	0
184298	1
184314	0
185582	1
185599	0
185609	1
185625	0
185635	1
185651	0
185661	1
185676	0
185714	1
185729	0
185740	1
185756	0
185767	1
185782	0
185792	1
185807	0
185818	1
185834	0
185844	1
185861	0
185871	1
185887	0
185897	1
185913	0
185923	1
185939	0
185949	1
185966	0
185976	1
185992	0
187260	1
187275	0
187286	1
187302	0
187313	1
187328	0
187339	1
187354	0
187365	1
187380	0
187391	1
187407	0
187417	1
187433	0
187443	1
187459	0
187469	1
187485	0
187495	1
187512	0
187522	1
187538	0
187548	1
187564	0
187574	1
187590	0
187600	1
187616	0
187626	1
187643	0
187653	1
187669	0
188098	1
188115	0
188125	1
188141	0
188151	1
188166	0
188177	1
188192	0
188203	1
188218	0
188230	1
188245	0
188256	1
188271	0
188282	1
188297	0
188309	1
188323	0
188335	1
188350	0
188361	1
188377	0
188386	1
188403	0
188413	1
188428	0
188439	1
188455	0
188466	1
188481	0
188492	1
188507	0
188937	1
188952	0
188963	1
188978	0
188990	1
189005	0
189016	1
189031	0
189042	1
189057	0
189069	1
189083	0
189094	1
189109	0
189121	1
189136	0
189147	1
189162	0
189173	1
189188	0
189199	1
189214	0
189226	1
189241	0
189252	1
189267	0
189278	1
189293	0
189303	1
189320	0
189330	1
189346	0
190614	1
190630	0
190640	1
190656	0
190666	1
190683	0
190693	1
190709	0
190719	1
190735	0
190745	1
190761	0
190771	1
190788	0
190798	1
190814	0
190824	1
190839	0
190850	1
190866	0
190877	1
190892	0
190903	1
190918	0
190929	1
190944	0
190956	1
190971	0
190982	1
190997	0
191007	1
191024	0
191453	1
191469	0
191479	1
191495	0
191505	1
191521	0
191531	1
191548	0
191558	1
191574	0
191584	1
191600	0
191610	1
191626	0
191636	1
191651	0
191663	1
191678	0
191689	1
191704	0
191715	1
191730	0
191741	1
191757	0
191767	1
191782	0
191794	1
191809	0
191820	1
191835	0
191846	1
191861	0
192292	1
192308	0
192327	1
192334	0
192344	1
192359	0
192370	1
192386	0
192396	1
192412	0
192423	1
192438	0
192449	1
192464	0
192475	1
192490	0
192502	1
192517	0
192528	1
192543	0
192554	1
192569	0
192580	1
192595	0
192606	1
192622	0
192633	1
192648	0
192659	1
192674	0
192684	1
192700	0
193969	1
193985	0
193995	1
194011	0
194021	1
194037	0
194047	1
194063	0
194073	1
194089	0
194100	1
194116	0
194126	1
194142	0
194152	1
194168	0
194178	1
194195	0
194204	1
194221	0
194231	1
194247	0
194257	1
194273	0
194283	1
194298	0
194310	1
194326	0
194336	1
194352	0
194362	1
194377	0
194807	1
194823	0
194833	1
194849	0
194859	1
194876	0
194886	1
194902	0
194912	1
194928	0
194938	1
194970	0
194972	1
194980	0
194991	1
195007	0
195018	1
195033	0
195044	1
195058	0
195069	1
195085	0
195096	1
195111	0
195121	1
195138	0
195148	1
195164	0
195174	1
195190	0
195200	1
195216	0
195646	1
195662	0
195673	1
195688	0
195699	1
195718	0
195725	1
195740	0
195751	1
195767	0
195777	1
195793	0
195803	1
195819	0
195829	1
195846	0
195856	1
195872	0
195882	1
195897	0
195908	1
195923	0
195935	1
195949	0
195961	1
195976	0
195987	1
196002	0
196013	1
196028	0
196040	1
196055	0
196484	1
196501	0
196511	1
196527	0
196537	1
196553	0
196563	1
196579	0
196589	1
196606	0
196616	1
196632	0
196642	1
196658	0
196668	1
196683	0
196694	1
196711	0
196721	1
196737	0
196747	1
196762	0
196773	1
196788	0
196799	1
196814	0
196826	1
196841	0
196852	1
196867	0
196878	1
196893	0
197323	1
197339	0
197349	1
197366	0
197376	1
197392	0
197402	1
197418	0
197428	1
197443	0
197454	1
197471	0
197481	1
197496	0
197507	1
197522	0
197533	1
197548	0
197559	1
197574	0
197585	1
197609	0
197611	1
197628	0
197638	1
197653	0
197664	1
197679	0
197690	1
197706	0
197716	1
197732	0
198162	1
198178	0
198188	1
198204	0
198214	1
198230	0
198240	1
198256	0
198266	1
198283	0
198293	1
198309	0
198319	1
198335	0
198345	1
198361	0
198371	1
198388	0
198398	1
198414	0
198424	1
198439	0
198450	1
198466	0
198476	1
198493	0
198503	1
198518	0
198529	1
198544	0
198555	1
198570	0
199001	1
199016	0
199027	1
199042	0
199054	1
199069	0
199080	1
199095	0
199106	1
199121	0
199132	1
199147	0
199157	1
199174	0
199184	1
199200	0
199210	1
199226	0
199236	1
199252	0
199262	1
199279	0
199289	1
199305	0
199315	1
199331	0
199341	1
199357	0
199367	1
199384	0
199394	1
199410	0
199841	1
199854	0
199866	1
199882	0
199892	1
199908	0
199918	1
199934	0
199945	1
199960	0
199970	1
199986	0
199997	1
200013	0
200023	1
200039	0
200049	1
200065	0
200075	1
200091	0
200101	1
200118	0
200128	1
200143	0
200154	1
200169	0
200180	1
200195	0
200206	1
200222	0
200233	1
200248	0
200678	1
200694	0
200704	1
200720	0
200730	1
200746	0
200756	1
200773	0
200783	1
200799	0
200809	1
200825	0
200835	1
200850	0
200861	1
200876	0
200888	1
200903	0
200914	1
200929	0
200940	1
200955	0
200966	1
200982	0
200993	1
201008	0
201020	1
201034	0
201045	1
201060	0
201072	1
201086	0
201517	1
201532	0
201543	1
201558	0
201569	1
201592	0
201596	1
201611	0
201621	1
201637	0
201647	1
201663	0
201673	1
201690	0
201700	1
201716	0
201726	1
201742	0
201752	1
201768	0
201778	1
201795	0
201805	1
201821	0
201831	1
201846	0
201857	1
201872	0
201884	1
201899	0
201910	1
201925	0
202355	1
202371	0
202381	1
202397	0
202407	1
202423	0
202433	1
202449	0
202459	1
202476	0
202486	1
202502	0
202512	1
202528	0
202538	1
202555	0
202565	1
202581	0
202591	1
202607	0
202617	1
202633	0
202643	1
202660	0
202670	1
202685	0
202696	1
202712	0
202722	1
202738	0
202748	1
202763	0
203194	1
203209	0
203220	1
203235	0
203247	1
203262	0
203273	1
203288	0
203299	1
203314	0
203325	1
203340	0
203352	1
203367	0
203378	1
203393	0
203403	1
203419	0
203429	1
203445	0
203455	1
203472	0
203482	1
203498	0
203508	1
203524	0
203534	1
203550	0
203561	1
203577	0
203587	1
203603	0
204032	1
204049	0
204059	1
204075	0
204085	1
204101	0
204111	1
204127	0
204137	1
204152	0
204163	1
204179	0
204190	1
204206	0
204229	1
204232	0
204243	1
204258	0
204268	1
204283	0
204295	1
204310	0
204321	1
204336	0
204347	1
204362	0
204373	1
204388	0
204400	1
204415	0
204426	1
204441	0
204871	1
204886	0
204897	1
204912	0
204924	1
204939	0
204950	1
204968	0
204977	1
204991	0
205002	1
205017	0
205029	1
205044	0
205055	1
205070	0
205081	1
205096	0
205107	1
205122	0
205134	1
205149	0
205160	1
205175	0
205185	1
205201	0
205212	1
205227	0
205238	1
205253	0
205265	1
205280	0
205710	1
205726	0
205736	1
205752	0
205762	1
205777	0
205788	1
205805	0
205815	1
205830	0
205840	1
205857	0
205867	1
205882	0
205894	1
205909	0
205919	1
205934	0
205946	1
205961	0
205971	1
205987	0
205998	1
206014	0
206024	1
206040	0
206050	1
206066	0
206077	1
206092	0
206102	1
206119	0
206548	1
206564	0
206574	1
206590	0
206601	1
206616	0
206627	1
206643	0
206653	1
206668	0
206680	1
206695	0
206705	1
206721	0
206732	1
206748	0
206758	1
206774	0
206784	1
206800	0
206810	1
206827	0
206837	1
206852	0
206863	1
206905	0
206916	1
206931	0
206942	1
206956	0
207386	1
207403	0
207413	1
207429	0
207439	1
207455	0
207465	1
207481	0
207491	1
207508	0
207518	1
207534	0
207544	1
207560	0
207570	1
207586	0
207596	1
207612	0
207622	1
207639	0
207649	1
207664	0
207675	1
207691	0
207702	1
207717	0
207728	1
207743	0
207754	1
207769	0
207780	1
207795	0
208226	1
208241	0
208252	1
208268	0
208278	1
208294	0
208305	1
208320	0
208331	1
208346	0
208356	1
208372	0
208382	1
208399	0
208409	1
208425	0
208435	1
208451	0
208461	1
208477	0
208487	1
208503	0
208514	1
208530	0
208540	1
208556	0
208566	1
208582	0
208592	1
208609	0
208619	1
208634	0
209064	1
209080	0
209090	1
209106	0
209116	1
209133	0
209143	1
209159	0
209169	1
209185	0
209195	1
209211	0
209221	1
209238	0
209248	1
209263	0
209274	1
209289	0
209300	1
209315	0
209326	1
209341	0
209353	1
209368	0
209379	1
209394	0
209405	1
209420	0
209432	1
209447	0
209458	1
209473	0
209903	1
209918	0
209930	1
209945	0
209955	1
209971	0
209981	1
209997	0
210007	1
210024	0
210034	1
210049	0
210060	1
210075	0
210087	1
210102	0
210113	1
210128	0
210139	1
210154	0
210164	1
210181	0
210191	1
210207	0
210217	1
210233	0
210243	1
210260	0
210270	1
210286	0
210302	1
210311	0
210741	1
210758	0
210768	1
210783	0
210794	1
210809	0
210820	1
210835	0
210846	1
210861	0
210876	1
210888	0
210899	1
210915	0
210925	1
210941	0
210951	1
210966	0
210977	1
210993	0
211003	1
211019	0
211029	1
211046	0
211056	1
211072	0
211082	1
211098	0
211108	1
211124	0
211134	1
211151	0
212418	1
212434	0
212444	1
212460	0
212470	1
212487	0
212497	1
212513	0
212523	1
212539	0
212549	1
212566	0
212575	1
212592	0
212602	1
212618	0
212628	1
212644	0
212654	1
212671	0
212681	1
212697	0
212707	1
212723	0
212733	1
212749	0
212759	1
212774	0
212786	1
212801	0
212812	1
212827	0
213258	1
213273	0
213284	1
213299	0
213309	1
213325	0
213337	1
213352	0
213362	1
213378	0
213388	1
213404	0
213414	1
213431	0
213441	1
213457	0
213467	1
213483	0
213493	1
213513	0
213520	1
213535	0
213545	1
213562	0
213573	1
213588	0
213598	1
213613	0
213625	1
213640	0
213651	1
213666	0
214096	1
214112	0
214122	1
214138	0
214148	1
214165	0
214175	1
214191	0
214201	1
214217	0
214227	1
214243	0
214259	1
214269	0
214279	1
214295	0
214306	1
214321	0
214332	1
214348	0
214358	1
214373	0
214384	1
214399	0
214411	1
214426	0
214437	1
214452	0
214463	1
214478	0
214489	1
214504	0
214935	1
214951	0
214961	1
214976	0
214986	1
215003	0
215013	1
215029	0
215039	1
215055	0
215065	1
215081	0
215091	1
215108	0
215118	1
215134	0
215144	1
215160	0
215170	1
215187	0
215197	1
215213	0
215223	1
215239	0
215249	1
215265	0
215275	1
215290	0
215302	1
215317	0
215328	1
215344	0
215773	1
215789	0
215799	1
215815	0
215825	1
215842	0
215852	1
215868	0
215878	1
215894	0
215904	1
215919	0
215931	1
215946	0
215957	1
215972	0
215983	1
215998	0
216009	1
216024	0
216035	1
216051	0
216062	1
216077	0
216088	1
216103	0
216114	1
216129	0
216145	1
216156	0
216167	1
216182	0
216611	1
216628	0
216638	1
216654	0
216664	1
216680	0
216690	1
216706	0
216716	1
216733	0
216743	1
216759	0
216769	1
216785	0
216795	1
216811	0
216821	1
216838	0
216848	1
216864	0
216874	1
216891	0
216900	1
216916	0
216926	1
216942	0
216952	1
216969	0
216979	1
216995	0
217005	1
217021	0
218289	1
218305	0
218315	1
218331	0
218341	1
218357	0
218368	1
218384	0
218394	1
218410	0
218420	1
218435	0
218446	1
218462	0
218473	1
218489	0
218499	1
218514	0
218525	1
218540	0
218551	1
218566	0
218577	1
218592	0
218604	1
218619	0
218630	1
218645	0
218656	1
218671	0
218683	1
218698	0
219127	1
219144	0
219154	1
219170	0
219180	1
219196	0
219206	1
219222	0
219232	1
219249	0
219259	1
219274	0
219285	1
219300	0
219311	1
219327	0
219337	1
219352	0
219364	1
219379	0
219390	1
219405	0
219416	1
219431	0
219443	1
219457	0
219469	1
219484	0
219495	1
219510	0
219523	1
219537	0
219966	1
219982	0
219992	1
220008	0
220018	1
220035	0
220045	1
220061	0
220071	1
220087	0
220097	1
220113	0
220131	1
220140	0
220150	1
220165	0
220176	1
220191	0
220203	1
220218	0
220229	1
220244	0
220255	1
220270	0
220281	1
220296	0
220306	1
220323	0
220334	1
220349	0
220359	1
220375	0
221643	1
221660	0
221670	1
221686	0
221696	1
221711	0
221723	1
221738	0
221748	1
221764	0
221774	1
221791	0
221801	1
221817	0
221827	1
221843	0
221853	1
221869	0
221879	1
221894	0
221906	1
221921	0
221932	1
221947	0
221958	1
221973	0
221984	1
221999	0
222011	1
222026	0
222037	1
222052	0
222483	1
222498	0
222508	1
222524	0
222534	1
222550	0
222561	1
222577	0
222587	1
222603	0
222613	1
222629	0
222639	1
222655	0
222665	1
222682	0
222692	1
222708	0
222718	1
222734	0
222744	1
222763	0
222771	1
222786	0
222797	1
222812	0
222823	1
222838	0
222850	1
222865	0
222875	1
222891	0
224160	1
224176	0
224185	1
224201	0
224211	1
224228	0
224238	1
224254	0
224264	1
224280	0
224290	1
224307	0
224317	1
224333	0
224343	1
224359	0
224369	1
224385	0
224395	1
224412	0
224422	1
224438	0
224448	1
224464	0
224474	1
224490	0
224500	1
224516	0
224526	1
224541	0
224553	1
224568	0
225837	1
225852	0
225863	1
225878	0
225890	1
225905	0
225915	1
225931	0
225941	1
225957	0
225968	1
225983	0
225993	1
226010	0
226020	1
226036	0
226046	1
226062	0
226072	1
226088	0
226098	1
226115	0
226125	1
226141	0
226152	1
226167	0
226177	1
226193	0
226203	1
226220	0
226230	1
226246	0
226676	1
226691	0
226709	1
226717	0
226728	1
226743	0
226754	1
226770	0
226780	1
226796	0
226807	1
226822	0
226833	1
226848	0
226859	1
226874	0
226886	1
226901	0
226911	1
226927	0
226937	1
226953	0
226963	1
226979	0
226990	1
227006	0
227016	1
227032	0
227042	1
227058	0
227068	1
227085	0
228353	1
228369	0
228379	1
228395	0
228405	1
228420	0
228431	1
228446	0
228457	1
228474	0
228484	1
228499	0
228510	1
228525	0
228536	1
228551	0
228563	1
228577	0
228589	1
228604	0
228615	1
228630	0
228641	1
228656	0
228668	1
228683	0
228694	1
228709	0
228720	1
228735	0
228746	1
228761	0
229191	1
229207	0
229217	1
229234	0
229244	1
229259	0
229270	1
229285	0
229296	1
229311	0
229323	1
229337	0
229351	1
229365	0
229375	1
229390	0
229401	1
229416	0
229428	1
229443	0
229454	1
229469	0
229480	1
229495	0
229506	1
229521	0
229531	1
229548	0
229558	1
229574	0
229584	1
229600	0
230030	1
230046	0
230056	1
230072	0
230082	1
230098	0
230108	1
230129	0
230134	1
230150	0
230160	1
230177	0
230187	1
230203	0
230213	1
230229	0
230239	1
230255	0
230265	1
230282	0
230292	1
230308	0
230318	1
230334	0
230344	1
230360	0
230370	1
230387	0
230397	1
230413	0
230423	1
230438	0
230869	1
230884	0
230895	1
230910	0
230921	1
230937	0
230947	1
230963	0
230974	1
230989	0
230999	1
231015	0
231025	1
231042	0
231052	1
231068	0
231078	1
231094	0
231104	1
231120	0
231130	1
231147	0
231157	1
231173	0
231183	1
231199	0
231209	1
231225	0
231235	1
231252	0
231262	1
231277	0
231708	1
231723	0
231733	1
231749	0
231759	1
231775	0
231785	1
231802	0
231812	1
231828	0
231838	1
231854	0
231864	1
231881	0
231891	1
231907	0
231917	1
231932	0
231943	1
231959	0
231969	1
231985	0
231995	1
232038	0
232047	1
232064	0
232074	1
232089	0
232100	1
232117	0
232546	1
232562	0
232572	1
232588	0
232598	1
232614	0
232624	1
232641	0
232651	1
232667	0
232677	1
232692	0
232703	1
232719	0
232729	1
232745	0
232755	1
232772	0
232782	1
232797	0
232807	1
232824	0
232834	1
232850	0
232860	1
232876	0
232886	1
232903	0
232913	1
232928	0
232939	1
232955	0
233385	1
233400	0
233411	1
233426	0
233437	1
233453	0
233463	1
233478	0
233489	1
233505	0
233516	1
233531	0
233542	1
233557	0
233568	1
233583	0
233594	1
233610	0
233621	1
233636	0
233647	1
233662	0
233672	1
233688	0
233698	1
233714	0
233726	1
233741	0
233751	1
233767	0
233777	1
233793	0
234224	1
234239	0
234250	1
234265	0
234275	1
234291	0
234301	1
234317	0
234329	1
234344	0
234354	1
234370	0
234380	1
234396	0
234406	1
234422	0
234432	1
234449	0
234458	1
234475	0
234485	1
234501	0
234511	1
234527	0
234537	1
234554	0
234564	1
234580	0
234590	1
234606	0
234616	1
234632	0
235061	1
235079	0
235089	1
235104	0
235114	1
235130	0
235140	1
235156	0
235166	1
235182	0
235192	1
235209	0
235219	1
235235	0
235245	1
235260	0
235271	1
235287	0
235297	1
235314	0
235324	1
235340	0
235350	1
235366	0
235376	1
235392	0
235406	1
235418	0
235429	1
235444	0
235455	1
235470	0
236740	1
236755	0
236765	1
236781	0
236791	1
236808	0
236818	1
236834	0
236844	1
236859	0
236870	1
236885	0
236896	1
236911	0
236923	1
236938	0
236949	1
236964	0
236975	1
236990	0
237001	1
237016	0
237028	1
237043	0
237054	1
237069	0
237080	1
237095	0
237106	1
237121	0
237133	1
237148	0
238416	1
238432	0
238442	1
238458	0
238468	1
238484	0
238494	1
238511	0
238521	1
238537	0
238547	1
238563	0
238573	1
238589	0
238599	1
238641	0
238652	1
238670	0
238678	1
238694	0
238704	1
238721	0
238731	1
238746	0
238757	1
238772	0
238783	1
238798	0
238810	1
238825	0
239255	1
239270	0
239281	1
239297	0
239308	1
239323	0
239334	1
239349	0
239360	1
239375	0
239385	1
239410	0
239412	1
239428	0
239438	1
239454	0
239464	1
239480	0
239490	1
239507	0
239517	1
239533	0
239543	1
239558	0
239569	1
239585	0
239595	1
239612	0
239622	1
239637	0
239648	1
239663	0
240093	1
240110	0
240120	1
240136	0
240146	1
240161	0
240172	1
240187	0
240198	1
240215	0
240225	1
240240	0
240251	1
240266	0
240277	1
240292	0
240303	1
240318	0
240329	1
240345	0
240356	1
240371	0
240382	1
240397	0
240408	1
240423	0
240435	1
240450	0
240461	1
240476	0
240487	1
240502	0
240933	1
240948	0
240959	1
240974	0
240985	1
241000	0
241011	1
241026	0
241036	1
241053	0
241063	1
241079	0
241089	1
241105	0
241115	1
241131	0
241141	1
241158	0
241168	1
241184	0
241194	1
241210	0
241220	1
241236	0
241247	1
241263	0
241273	1
241288	0
241299	1
241331	0
241333	1
241341	0
241770	1
241787	0
241797	1
241813	0
241823	1
241839	0
241849	1
241865	0
241875	1
241892	0
241902	1
241918	0
241928	1
241943	0
241954	1
241969	0
241981	1
241996	0
242007	1
242022	0
242033	1
242048	0
242059	1
242079	0
242086	1
242100	0
242112	1
242127	0
242138	1
242153	0
242164	1
242179	0
242609	1
242624	0
242636	1
242651	0
242662	1
242677	0
242688	1
242704	0
242714	1
242729	0
242741	1
242756	0
242767	1
242782	0
242793	1
242808	0
242820	1
242835	0
242845	1
242861	0
242871	1
242887	0
242897	1
242913	0
242923	1
242940	0
242950	1
242966	0
242976	1
242992	0
243002	1
243019	0
243448	1
243463	0
243474	1
243489	0
243501	1
243516	0
243527	1
243542	0
243553	1
243568	0
243579	1
243594	0
243606	1
243621	0
243632	1
243647	0
243658	1
243673	0
243683	1
243700	0
243711	1
243726	0
243737	1
243752	0
243762	1
243778	0
243788	1
243805	0
243815	1
243831	0
243841	1
243857	0
244287	1
244302	0
244313	1
244329	0
244339	1
244354	0
244366	1
244381	0
244392	1
244407	0
244417	1
244433	0
244443	1
244459	0
244469	1
244486	0
244496	1
244512	0
244522	1
244538	0
244548	1
244565	0
244575	1
244591	0
244601	1
244617	0
244627	1
244643	0
244653	1
244670	0
244680	1
244695	0
245125	1
245141	0
245152	1
245167	0
245178	1
245193	0
245205	1
245220	0
245230	1
245245	0
245256	1
245279	0
245282	1
245298	0
245309	1
245324	0
245335	1
245351	0
245362	1
245377	0
245388	1
245403	0
245413	1
245429	0
245439	1
245455	0
245467	1
245482	0
245492	1
245508	0
245518	1
245534	0
246803	1
246818	0
246831	1
246844	0
246854	1
246871	0
246881	1
246897	0
246907	1
246923	0
246933	1
246950	0
246959	1
246976	0
246986	1
247002	0
247012	1
247028	0
247038	1
247054	0
247064	1
247080	0
247091	1
247107	0
247117	1
247133	0
247143	1
247159	0
247169	1
247184	0
247196	1
247212	0
247641	1
247657	0
247667	1
247683	0
247693	1
247709	0
247719	1
247736	0
247746	1
247762	0
247772	1
247788	0
247798	1
247814	0
247824	1
247841	0
247851	1
247867	0
247877	1
247893	0
247918	1
247920	0
247929	1
247945	0
247955	1
247972	0
247982	1
247998	0
248008	1
248024	0
248034	1
248050	0
248480	1
248495	0
248507	1
248522	0
248532	1
248548	0
248558	1
248574	0
248584	1
248600	0
248610	1
248627	0
248637	1
248659	0
248663	1
248679	0
248689	1
248705	0
248715	1
248732	0
248742	1
248758	0
248768	1
248784	0
248794	1
248809	0
248821	1
248837	0
248847	1
248862	0
248873	1
248888	0
249318	1
249335	0
249345	1
249361	0
249371	1
249386	0
249397	1
249412	0
249423	1
249438	0
249450	1
249465	0
249476	1
249491	0
249502	1
249517	0
249528	1
249543	0
249555	1
249570	0
249581	1
249596	0
249607	1
249622	0
249633	1
249648	0
249660	1
249675	0
249685	1
249701	0
249712	1
249727	0
250157	1
250173	0
250183	1
250199	0
250209	1
250225	0
250235	1
250252	0
250262	1
250278	0
250288	1
250303	0
250314	1
250330	0
250340	1
250357	0
250367	1
250383	0
250393	1
250408	0
250419	1
250434	0
250445	1
250461	0
250471	1
250487	0
250498	1
250513	0
250524	1
250539	0
250550	1
250584	0
250995	1
251011	0
251021	1
251038	0
251048	1
251064	0
251074	1
251090	0
251100	1
251117	0
251127	1
251143	0
251153	1
251169	0
251179	1
251194	0
251205	1
251222	0
251232	1
251247	0
251258	1
251273	0
251284	1
251299	0
251310	1
251331	0
251336	1
251352	0
251362	1
251379	0
251389	1
251405	0
251834	1
251850	0
251860	1
251877	0
251887	1
251902	0
251913	1
251929	0
251939	1
251956	0
251966	1
251981	0
251991	1
252007	0
252017	1
252034	0
252044	1
252060	0
252070	1
252086	0
252096	1
252112	0
252122	1
252138	0
252149	1
252165	0
252175	1
252191	0
252201	1
252217	0
252227	1
252243	0
252673	1
252688	0
252699	1
252714	0
252726	1
252741	0
252752	1
252767	0
252778	1
252793	0
252804	1
252819	0
252831	1
252846	0
252857	1
252872	0
252882	1
252898	0
252908	1
252925	0
252935	1
252951	0
252961	1
252977	0
252987	1
253003	0
253013	1
253030	0
253040	1
253056	0
253066	1
253082	0
253512	1
253527	0
253538	1
253553	0
253565	1
253581	0
253591	1
253606	0
253616	1
253633	0
253643	1
253658	0
253669	1
253684	0
253695	1
253710	0
253722	1
253737	0
253748	1
253763	0
253774	1
253789	0
253799	1
253816	0
253826	1
253842	0
253852	1
253868	0
253878	1
253895	0
253905	1
253920	0
254351	1
254366	0
254376	1
254392	0
254402	1
254418	0
254428	1
254445	0
254456	1
254471	0
254481	1
254497	0
254507	1
254523	0
254537	1
254549	0
254560	1
254576	0
254587	1
254602	0
254612	1
254628	0
254638	1
254654	0
254664	1
254681	0
254691	1
254707	0
254717	1
254733	0
254743	1
254758	0
255189	1
255206	0
255215	1
255231	0
255241	1
255257	0
255267	1
255284	0
255293	1
255309	0
255320	1
255336	0
255346	1
255361	0
255372	1
255387	0
255399	1
255414	0
255425	1
255440	0
255451	1
255466	0
255477	1
255492	0
255504	1
255519	0
255530	1
255545	0
255556	1
255571	0
255582	1
255597	0
256027	1
256044	0
256054	1
256069	0
256081	1
256096	0
256106	1
256121	0
256132	1
256147	0
256159	1
256174	0
256185	1
256200	0
256211	1
256226	0
256237	1
256252	0
256264	1
256279	0
256290	1
256305	0
256316	1
256331	0
256342	1
256357	0
256369	1
256384	0
256395	1
256410	0
256421	1
256436	0
256866	1
256882	0
256892	1
256908	0
256918	1
256934	0
256945	1
256961	0
256971	1
256987	0
256997	1
257013	0
257023	1
257039	0
257049	1
257066	0
257076	1
257092	0
257102	1
257118	0
257128	1
257143	0
257154	1
257172	0
257181	1
257196	0
257207	1
257223	0
257233	1
257248	0
257259	1
257274	0
257706	1
257721	0
257731	1
257747	0
257757	1
257773	0
257783	1
257798	0
257810	1
257825	0
257836	1
257851	0
257862	1
257877	0
257888	1
257903	0
257914	1
257930	0
257941	1
257957	0
257967	1
257983	0
257993	1
258008	0
258019	1
258034	0
258046	1
258061	0
258072	1
258087	0
258098	1
258113	0
258544	1
258558	0
258569	1
258585	0
258596	1
258611	0
258622	1
258638	0
258648	1
258664	0
258674	1
258690	0
258700	1
258717	0
258727	1
258743	0
258753	1
258769	0
258779	1
258795	0
258805	1
258820	0
258832	1
258847	0
258858	1
258873	0
258884	1
258899	0
258911	1
258926	0
258937	1
258952	0
259382	1
259398	0
259408	1
259424	0
259434	1
259449	0
259460	1
259477	0
259487	1
259503	0
259513	1
259528	0
259539	1
259554	0
259566	1
259582	0
259592	1
259607	0
259618	1
259633	0
259644	1
259659	0
259671	1
259686	0
259697	1
259712	0
259723	1
259738	0
259749	1
259764	0
259776	1
259791	0
260221	1
260236	0
260247	1
260262	0
260273	1
260289	0
260300	1
260315	0
260325	1
260341	0
260352	1
260367	0
260377	1
260393	0
260403	1
260420	0
260430	1
260446	0
260457	1
260472	0
260482	1
260498	0
260508	1
260525	0
260535	1
260551	0
260561	1
260603	0
260614	1
260629	0
261060	1
261075	0
261086	1
261101	0
261112	1
261127	0
261138	1
261162	0
261164	1
261179	0
261190	1
261207	0
261217	1
261232	0
261243	1
261258	0
261269	1
261284	0
261296	1
261311	0
261322	1
261337	0
261348	1
261363	0
261374	1
261389	0
261399	1
261416	0
261426	1
261442	0
261452	1
261468	0
261897	1
261913	0
261924	1
261939	0
261950	1
261965	0
261977	1
261992	0
262003	1
262018	0
262029	1
262044	0
262056	1
262071	0
262082	1
262097	0
262108	1
262123	0
262133	1
262149	0
262159	1
262176	0
262186	1
262202	0
262212	1
262228	0
262238	1
262254	0
262264	1
262281	0
262291	1
262307	0
262736	1
262752	0
262762	1
262779	0
262789	1
262805	0
262815	1
262831	0
262841	1
262856	0
262868	1
262883	0
262894	1
262909	0
262920	1
262935	0
262947	1
262961	0
262973	1
262988	0
262999	1
263014	0
263025	1
263040	0
263052	1
263067	0
263077	1
263093	0
263104	1
263119	0
263129	1
263145	0
263575	1
263591	0
263601	1
263617	0
263627	1
263643	0
263653	1
263670	0
263680	1
263696	0
263707	1
263722	0
263732	1
263748	0
263758	1
263775	0
263791	1
263801	0
263812	1
263827	0
263837	1
263853	0
263863	1
263879	0
263889	1
263906	0
263916	1
263931	0
263942	1
263958	0
263968	1
263983	0
264414	1
264429	0
264440	1
264456	0
264467	1
264482	0
264493	1
264508	0
264519	1
264534	0
264545	1
264560	0
264571	1
264586	0
264598	1
264613	0
264624	1
264639	0
264649	1
264665	0
264675	1
264692	0
264702	1
264718	0
264728	1
264744	0
264754	1
264770	0
264780	1
264796	0
264807	1
264823	0
265252	1
265269	0
265279	1
265294	0
265305	1
265320	0
265332	1
265346	0
265357	1
265372	0
265384	1
265399	0
265410	1
265425	0
265436	1
265451	0
265462	1
265477	0
265489	1
265504	0
265515	1
265530	0
265540	1
265582	0
265593	1
265609	0
265619	1
265635	0
265645	1
265661	0
266091	1
266106	0
266117	1
266132	0
266144	1
266159	0
266170	1
266185	0
266196	1
266211	0
266222	1
266237	0
266249	1
266264	0
266275	1
266290	0
266300	1
266316	0
266326	1
266342	0
266354	1
266369	0
266379	1
266395	0
266405	1
266421	0
266431	1
266457	0
266458	1
266473	0
266484	1
266499	0
266929	1
266946	0
266957	1
266972	0
266982	1
266998	0
267008	1
267024	0
267034	1
267051	0
267061	1
267076	0
267087	1
267103	0
267113	1
267128	0
267139	1
267154	0
267166	1
267181	0
267196	1
267208	0
267218	1
267233	0
267245	1
267260	0
267270	1
267286	0
267296	1
267312	0
267322	1
267339	0
267769	1
267784	0
267794	1
267811	0
267820	1
267836	0
267847	1
267863	0
267873	1
267889	0
267899	1
267915	0
267925	1
267941	0
267952	1
267968	0
267978	1
267993	0
268004	1
268019	0
268031	1
268046	0
268057	1
268072	0
268083	1
268098	0
268109	1
268124	0
268136	1
268151	0
268162	1
268177	0
268607	1
268622	0
268633	1
268649	0
268659	1
268675	0
268685	1
268701	0
268711	1
268728	0
268738	1
268754	0
268764	1
268780	0
268790	1
268807	0
268817	1
268833	0
268843	1
268858	0
268869	1
268884	0
268895	1
268910	0
268922	1
268937	0
268948	1
268963	0
268974	1
268989	0
269000	1
269015	0
269445	1
269462	0
269472	1
269488	0
269498	1
269513	0
269524	1
269539	0
269551	1
269566	0
269577	1
269592	0
269603	1
269618	0
269628	1
269645	0
269655	1
269671	0
269681	1
269697	0
269710	1
269723	0
269734	1
269749	0
269760	1
269775	0
269787	1
269802	0
269841	1
269854	0
270284	1
270300	0
270310	1
270326	0
270336	1
270352	0
270362	1
270379	0
270389	1
270405	0
270415	1
270431	0
270441	1
270458	0
270468	1
270484	0
270493	1
270510	0
270520	1
270535	0
270546	1
270563	0
270573	1
270588	0
270599	1
270614	0
270625	1
270640	0
270652	1
270667	0
270677	1
270693	0
271123	1
271138	0
271150	1
271165	0
271175	1
271191	0
271201	1
271218	0
271228	1
271243	0
271254	1
271269	0
271280	1
271295	0
271307	1
271322	0
271333	1
271348	0
271359	1
271374	0
271385	1
271400	0
271410	1
271427	0
271437	1
271453	0
271463	1
271479	0
271489	1
271505	0
271516	1
271532	0
271962	1
271977	0
271988	1
272003	0
272014	1
272029	0
272040	1
272056	0
272067	1
272083	0
272093	1
272108	0
272119	1
272134	0
272145	1
272160	0
272170	1
272187	0
272197	1
272213	0
272223	1
272239	0
272249	1
272265	0
272275	1
272292	0
272302	1
272318	0
272328	1
272344	0
272354	1
272370	0
272800	1
272815	0
272826	1
272841	0
272853	1
272868	0
272879	1
272894	0
272905	1
272920	0
272932	1
272947	0
272958	1
272973	0
272984	1
272999	0
273010	1
273025	0
273035	1
273052	0
273062	1
273084	0
273088	1
273104	0
273115	1
273130	0
273141	1
273156	0
273167	1
273183	0
273194	1
273209	0
273639	1
273654	0
273665	1
273680	0
273691	1
273707	0
273717	1
273732	0
273744	1
273759	0
273770	1
273785	0
273796	1
273811	0
273830	1
273837	0
273848	1
273863	0
273875	1
273890	0
273901	1
273916	0
273927	1
273942	0
273954	1
273968	0
273980	1
273995	0
274006	1
274021	0
274032	1
274047	0
274477	1
274494	0
274503	1
274519	0
274530	1
274545	0
274556	1
274571	0
274584	1
274598	0
274609	1
274624	0
274635	1
274650	0
274660	1
274676	0
274686	1
274703	0
274714	1
274729	0
274739	1
274755	0
274765	1
274781	0
274791	1
274808	0
274818	1
274834	0
274844	1
274860	0
274870	1
274885	0
275315	1
275333	0
275343	1
275358	0
275368	1
275384	0
275394	1
275410	0
275420	1
275437	0
275447	1
275463	0
275473	1
275489	0
275499	1
275515	0
275525	1
275542	0
275552	1
275568	0
275578	1
275594	0
275604	1
275620	0
275630	1
275647	0
275657	1
275673	0
275683	1
275698	0
275709	1
275725	0
276155	1
276170	0
276180	1
276196	0
276207	1
276223	0
276234	1
276249	0
276259	1
276275	0
276285	1
276301	0
276311	1
276328	0
276337	1
276354	0
276364	1
276380	0
276390	1
276406	0
276416	1
276433	0
276443	1
276458	0
276470	1
276485	0
276495	1
276511	0
276521	1
276537	0
276547	1
276564	0
276993	1
277009	0
277027	1
277035	0
277046	1
277061	0
277072	1
277088	0
277098	1
277113	0
277124	1
277140	0
277150	1
277167	0
277177	1
277192	0
277203	1
277219	0
277229	1
277244	0
277255	1
277270	0
277282	1
277297	0
277308	1
277323	0
277334	1
277349	0
277360	1
277375	0
277387	1
277402	0
278670	1
278686	0
278696	1
278712	0
278723	1
278738	0
278749	1
278765	0
278775	1
278791	0
278801	1
278817	0
278827	1
278844	0
278854	1
278870	0
278880	1
278896	0
278906	1
278923	0
278933	1
278948	0
278959	1
278974	0
278985	1
279000	0
279011	1
279026	0
279038	1
279053	0
279064	1
279079	0
279509	1
279524	0
279536	1
279551	0
279562	1
279577	0
279588	1
279603	0
279614	1
279629	0
279641	1
279656	0
279674	1
279681	0
279692	1
279709	0
279719	1
279734	0
279745	1
279761	0
279772	1
279787	0
279798	1
279842	0
279849	1
279866	0
279876	1
279892	0
279902	1
279918	0
280348	1
280363	0
280374	1
280389	0
280401	1
280416	0
280427	1
280442	0
280454	1
280468	0
280478	1
280495	0
280505	1
280521	0
280531	1
280547	0
280557	1
280574	0
280585	1
280600	0
280610	1
280626	0
280636	1
280652	0
280662	1
280677	0
280688	1
280703	0
280715	1
280730	0
280741	1
280756	0
281186	1
281202	0
281213	1
281228	0
281239	1
281255	0
281267	1
281280	0
281291	1
281307	0
281317	1
281334	0
281346	1
281359	0
281369	1
281386	0
281396	1
281411	0
281422	1
281438	0
281449	1
281464	0
281475	1
281491	0
281501	1
281517	0
281527	1
281543	0
281553	1
281569	0
281579	1
281596	0
282024	1
282041	0
282051	1
282067	0
282077	1
282093	0
282103	1
282119	0
282129	1
282146	0
282156	1
282172	0
282182	1
282198	0
282209	1
282225	0
282235	1
282251	0
282261	1
282276	0
282287	1
282302	0
282313	1
282328	0
282340	1
282355	0
282371	1
282382	0
282392	1
282408	0
282419	1
282434	0
282864	1
282879	0
282890	1
282905	0
282916	1
282931	0
282943	1
282959	0
282969	1
282984	0
282995	1
283010	0
283021	1
283036	0
283046	1
283063	0
283073	1
283089	0
283099	1
283117	0
283126	1
283141	0
283151	1
283168	0
283178	1
283194	0
283204	1
283220	0
283230	1
283246	0
283256	1
283272	0
283702	1
283718	0
283729	1
283744	0
283755	1
283771	0
283780	1
283797	0
283807	1
283823	0
283834	1
283848	0
283860	1
283875	0
283886	1
283901	0
283912	1
283927	0
283938	1
283953	0
283965	1
283980	0
283991	1
284006	0
284017	1
284032	0
284043	1
284058	0
284070	1
284085	0
284096	1
284111	0
284541	1
284556	0
284566	1
284584	0
284594	1
284609	0
284620	1
284635	0
284645	1
284661	0
284671	1
284688	0
284698	1
284714	0
284724	1
284740	0
284750	1
284766	0
284776	1
284793	0
284803	1
284819	0
284829	1
284845	0
284855	1
284871	0
284881	1
284897	0
284908	1
284923	0
284934	1
284949	0
285380	1
285395	0
285405	1
285421	0
285431	1
285448	0
285459	1
285474	0
285484	1
285500	0
285510	1
285526	0
285536	1
285553	0
285563	1
285579	0
285589	1
285604	0
285616	1
285631	0
285642	1
285657	0
285667	1
285683	0
285693	1
285711	0
285720	1
285736	0
285746	1
285762	0
285773	1
285788	0
286218	1
286234	0
286244	1
286260	0
286270	1
286287	0
286297	1
286312	0
286327	1
286339	0
286349	1
286365	0
286376	1
286391	0
286401	1
286417	0
286427	1
286444	0
286454	1
286470	0
286480	1
286496	0
286506	1
286522	0
286533	1
286549	0
286559	1
286574	0
286585	1
286600	0
286611	1
286626	0
287057	1
287072	0
287084	1
287098	0
287109	1
287124	0
287136	1
287151	0
287162	1
287177	0
287188	1
287203	0
287214	1
287229	0
287241	1
287256	0
287267	1
287282	0
287292	1
287308	0
287318	1
287336	0
287344	1
287361	0
287371	1
287387	0
287397	1
287413	0
287423	1
287440	0
287450	1
287466	0
287896	1
287911	0
287921	1
287937	0
287947	1
287963	0
287973	1
287990	0
288000	1
288016	0
288026	1
288042	0
288052	1
288068	0
288079	1
288094	0
288105	1
288120	0
288131	1
288146	0
288158	1
288173	0
288184	1
288199	0
288210	1
288225	0
288236	1
288251	0
288263	1
288278	0
288289	1
288304	0
288734	1
288750	0
288760	1
288775	0
288787	1
288802	0
288813	1
288828	0
288839	1
288854	0
288865	1
288880	0
288892	1
288907	0
288917	1
288933	0
288943	1
288960	0
288969	1
288989	0
288997	1
289012	0
289022	1
289038	0
289048	1
289064	0
289074	1
289091	0
289101	1
289117	0
289127	1
289143	0
289572	1
289588	0
289598	1
289615	0
289625	1
289641	0
289651	1
289667	0
289677	1
289694	0
289704	1
289720	0
289730	1
289745	0
289756	1
289771	0
289783	1
289798	0
289809	1
289850	0
289860	1
289877	0
289887	1
289903	0
289913	1
289929	0
289939	1
289955	0
289966	1
289981	0
290412	1
290427	0
290438	1
290453	0
290464	1
290479	0
290490	1
290505	0
290517	1
290532	0
290543	1
290558	0
290568	1
290585	0
290594	1
290611	0
290621	1
290637	0
290647	1
290663	0
290673	1
290690	0
290700	1
290716	0
290726	1
290742	0
290752	1
290767	0
290778	1
290793	0
290805	1
290820	0
291249	1
291266	0
291276	1
291292	0
291302	1
291318	0
291328	1
291344	0
291354	1
291371	0
291381	1
291397	0
291407	1
291423	0
291433	1
291448	0
291461	1
291476	0
291486	1
291502	0
291512	1
291527	0
291538	1
291553	0
291565	1
291580	0
291591	1
291606	0
291617	1
291632	0
291649	1
291659	0
292088	1
292104	0
292114	1
292131	0
292141	1
292157	0
292167	1
292183	0
292193	1
292211	0
292219	1
292236	0
292246	1
292261	0
292272	1
292287	0
292298	1
292313	0
292325	1
292339	0
292351	1
292366	0
292377	1
292392	0
292403	1
292418	0
292429	1
292444	0
292456	1
292471	0
292482	1
292497	0
292927	1
292942	0
292957	1
292969	0
292979	1
292995	0
293006	1
293021	0
293032	1
293048	0
293058	1
293073	0
293086	1
293100	0
293111	1
293126	0
293137	1
293152	0
293163	1
293178	0
293190	1
293205	0
293216	1
293231	0
293242	1
293257	0
293268	1
293283	0
293295	1
293310	0
293320	1
293336	0
293766	1
293781	0
293792	1
293807	0
293819	1
293834	0
293845	1
293860	0
293871	1
293886	0
293896	1
293913	0
293923	1
293939	0
293949	1
293965	0
293975	1
293991	0
294001	1
294018	0
294028	1
294044	0
294054	1
294070	0
294080	1
294096	0
294106	1
294123	0
294133	1
294148	0
294159	1
294174	0
294604	1
294620	0
294630	1
294646	0
294656	1
294673	0
294683	1
294699	0
294710	1
294725	0
294735	1
294751	0
294761	1
294778	0
294788	1
294804	0
294814	1
294830	0
294840	1
294855	0
294867	1
294882	0
294893	1
294908	0
294919	1
294934	0
294945	1
294961	0
294971	1
294986	0
294998	1
295015	0
295443	1
295460	0
295469	1
295485	0
295495	1
295512	0
295522	1
295538	0
295548	1
295563	0
295574	1
295589	0
295600	1
295615	0
295627	1
295642	0
295653	1
295668	0
295679	1
295694	0
295706	1
295720	0
295732	1
295747	0
295758	1
295773	0
295784	1
295799	0
295809	1
295826	0
295837	1
295852	0
296281	1
296297	0
296307	1
296324	0
296334	1
296350	0
296360	1
296376	0
296386	1
296403	0
296413	1
296428	0
296439	1
296454	0
296465	1
296480	0
296492	1
296507	0
296518	1
296533	0
296544	1
296559	0
296570	1
296587	0
296597	1
296612	0
296623	1
296638	0
296649	1
296664	0
296674	1
296690	0
297120	1
297136	0
297146	1
297163	0
297173	1
297189	0
297199	1
297215	0
297225	1
297241	0
297251	1
297266	0
297278	1
297293	0
297304	1
297319	0
297330	1
297345	0
297356	1
297371	0
297383	1
297398	0
297409	1
297424	0
297435	1
297450	0
297461	1
297476	0
297488	1
297503	0
297514	1
297529	0
297961	1
297974	0
297986	1
298001	0
298012	1
298027	0
298037	1
298053	0
298063	1
298080	0
298089	1
298106	0
298116	1
298132	0
298142	1
298158	0
298168	1
298185	0
298195	1
298212	0
298227	1
298237	0
298247	1
298263	0
298273	1
298290	0
298300	1
298315	0
298326	1
298341	0
298352	1
298367	0
298797	1
298814	0
298824	1
298840	0
298850	1
298865	0
298876	1
298891	0
298903	1
298918	0
298929	1
298944	0
298955	1
298970	0
298980	1
298997	0
299007	1
299023	0
299033	1
299049	0
299059	1
299076	0
299087	1
299102	0
299112	1
299128	0
299138	1
299154	0
299164	1
299179	0
299191	1
299206	0
299636	1
299651	0
299663	1
299678	0
299690	1
299704	0
299714	1
299731	0
299741	1
299757	0
299768	1
299783	0
299794	1
299810	0
299875	1
299888	0
299898	1
299914	0
299924	1
299940	0
299951	1
299966	0
299977	1
299993	0
300003	1
300019	0
300029	1
300045	0
300474	1
300491	0
300501	1
300516	0
300528	1
300543	0
300554	1
300569	0
300579	1
300595	0
300606	1
300622	0
300632	1
300647	0
300659	1
300674	0
300685	1
300700	0
300712	1
300726	0
300736	1
300753	0
300763	1
300779	0
300789	1
300805	0
300815	1
300831	0
300842	1
300857	0
300868	1
300883	0
301314	1
301329	0
301340	1
301355	0
301366	1
301381	0
301392	1
301407	0
301419	1
301434	0
301445	1
301461	0
301471	1
301486	0
301497	1
301512	0
301524	1
301539	0
301550	1
301565	0
301575	1
301591	0
301601	1
301618	0
301628	1
301644	0
301654	1
301670	0
301680	1
301695	0
301716	1
301722	0
302152	1
302167	0
302179	1
302194	0
302205	1
302220	0
302231	1
302246	0
302257	1
302272	0
302288	1
302299	0
302310	1
302325	0
302337	1
302351	0
302362	1
302377	0
302388	1
302403	0
302415	1
302430	0
302440	1
302456	0
302467	1
302482	0
302492	1
302509	0
302519	1
302535	0
302545	1
302561	0
