[µs]	Sample
0	0
769	1
775	0
786	1
801	0
812	1
827	0
838	1
854	0
864	1
880	0
890	1
906	0
916	1
933	0
943	1
959	0
969	1
985	0
1021	1
1037	0
1048	1
1063	0
1074	1
1090	0
1101	1
1115	0
1126	1
1141	0
1153	1
1168	0
1178	1
1194	0
1204	1
1221	0
1231	1
1247	0
1257	1
1273	0
1283	1
1299	0
1310	1
1326	0
1336	1
1351	0
1362	1
1377	0
1388	1
1403	0
1415	1
1430	0
1441	1
1456	0
1467	1
1482	0
1494	1
1509	0
1519	1
1535	0
1545	1
1561	0
1571	1
1587	0
1597	1
1614	0
1624	1
1640	0
1650	1
1666	0
1676	1
1693	0
1703	1
1719	0
1729	1
1744	0
1759	1
1771	0
1781	1
1797	0
1807	1
1824	0
1834	1
1850	0
1860	1
1875	0
1886	1
1901	0
1913	1
1928	0
1939	1
1954	0
1965	1
1980	0
1991	1
2006	0
2016	1
2033	0
2043	1
2059	0
2069	1
2085	0
2095	1
2112	0
2122	1
2138	0
2148	1
2164	0
2174	1
2191	0
2201	1
2216	0
2227	1
2242	0
2253	1
2268	0
2280	1
2295	0
2306	1
2327	0
2331	1
2347	0
2358	1
2373	0
2384	1
2400	0
2410	1
2426	0
2437	1
2452	0
2463	1
2478	0
2488	1
2504	0
2515	1
2531	0
2541	1
2557	0
2567	1
2583	0
2593	1
2610	0
2620	1
2636	0
2646	1
2662	0
2672	1
2687	0
2699	1
2714	0
2725	1
2740	0
2751	1
2766	0
2777	1
2793	0
2804	1
2819	0
2830	1
2845	0
2855	1
2871	0
2881	1
2898	0
2908	1
2924	0
2934	1
2950	0
2960	1
2977	0
2987	1
3003	0
3013	1
3029	0
3039	1
3054	0
3066	1
3081	0
3092	1
3107	0
3118	1
3133	0
3144	1
3159	0
3171	1
3186	0
3197	1
3212	0
3222	1
3238	0
3248	1
3265	0
3275	1
3291	0
3301	1
3317	0
3327	1
3343	0
5031	1
5046	0
5057	1
5073	0
5083	1
5100	0
5110	1
5125	0
5136	1
5152	0
5162	1
5178	0
5188	1
5203	0
5215	1
5230	0
5240	1
5257	0
5267	1
5282	0
5293	1
5308	0
5319	1
5335	0
5345	1
5362	0
5372	1
5387	0
5398	1
5413	0
5424	1
5440	0
6708	1
6724	0
6735	1
6750	0
6760	1
6777	0
6787	1
6802	0
6813	1
6829	0
6839	1
6855	0
6865	1
6881	0
6892	1
6907	0
6917	1
6934	0
6944	1
6960	0
6970	1
6986	0
6996	1
7012	0
7023	1
7038	0
7049	1
7064	0
7075	1
7091	0
7101	1
7130	0
8386	1
8402	0
8412	1
8427	0
8438	1
8454	0
8464	1
8480	0
8490	1
8505	0
8517	1
8532	0
8542	1
8559	0
8569	1
8585	0
8595	1
8610	0
8622	1
8637	0
8647	1
8664	0
8674	1
8689	0
8700	1
8716	0
8726	1
8742	0
8752	1
8767	0
8779	1
8794	0
9224	1
9240	0
9250	1
9267	0
9277	1
9292	0
9303	1
9318	0
9329	1
9345	0
9355	1
9370	0
9382	1
9397	0
9407	1
9424	0
9434	1
9449	0
9460	1
9475	0
9486	1
9502	0
9512	1
9529	0
9539	1
9554	0
9565	1
9580	0
9591	1
9607	0
9617	1
9632	0
10063	1
10078	0
10089	1
10105	0
10115	1
10131	0
10141	1
10156	0
10168	1
10183	0
10193	1
10210	0
10220	1
10236	0
10246	1
10288	0
10335	1
10340	0
10351	1
10367	0
10377	1
10392	0
10404	1
10419	0
10429	1
10445	0
10456	1
10472	0
10901	1
10918	0
10928	1
10943	0
10954	1
10969	0
10980	1
10996	0
11006	1
11021	0
11033	1
11048	0
11063	1
11074	0
11085	1
11101	0
11111	1
11126	0
11138	1
11153	0
11163	1
11179	0
11190	1
11205	0
11216	1
11231	0
11241	1
11258	0
11268	1
11283	0
11295	1
11310	0
12578	1
12594	0
12605	1
12621	0
12631	1
12646	0
12658	1
12673	0
12683	1
12700	0
12710	1
12725	0
12736	1
12751	0
12762	1
12778	0
12788	1
12803	0
12815	1
12830	0
12841	1
12856	0
12867	1
12883	0
12893	1
12908	0
12920	1
12935	0
12947	1
12961	0
12972	1
12987	0
13417	1
13433	0
13444	1
13459	0
13469	1
13486	0
13496	1
13511	0
13523	1
13538	0
13548	1
13564	0
13574	1
13590	0
13601	1
13616	0
13626	1
13643	0
13653	1
13669	0
13685	1
13695	0
13705	1
13722	0
13732	1
13747	0
13758	1
13773	0
13784	1
13800	0
13810	1
13825	0
14257	1
14272	0
14282	1
14297	0
14309	1
14324	0
14334	1
14350	0
14361	1
14377	0
14387	1
14402	0
14414	1
14429	0
14439	1
14455	0
14466	1
14481	0
14492	1
14507	0
14517	1
14534	0
14544	1
14559	0
14571	1
14586	0
14597	1
14612	0
14623	1
14639	0
14649	1
14664	0
15933	1
15948	0
15960	1
15975	0
15985	1
16002	0
16012	1
16028	0
16038	1
16053	0
16065	1
16080	0
16090	1
16107	0
16117	1
16132	0
16143	1
16158	0
16169	1
16185	0
16195	1
16210	0
16222	1
16237	0
16247	1
16263	0
16274	1
16290	0
16300	1
16315	0
16327	1
16344	0
17611	1
17626	0
17636	1
17653	0
17663	1
17679	0
17689	1
17704	0
17716	1
17731	0
17741	1
17757	0
17767	1
17784	0
17794	1
17809	0
17821	1
17836	0
17846	1
17862	0
17872	1
17888	0
17899	1
17914	0
17924	1
17941	0
17951	1
17967	0
17977	1
17993	0
18004	1
18019	0
18449	1
18465	0
18475	1
18490	0
18502	1
18517	0
18527	1
18544	0
18554	1
18570	0
18580	1
18595	0
18607	1
18622	0
18632	1
18649	0
18659	1
18674	0
18685	1
18700	0
18711	1
18727	0
18737	1
18754	0
18764	1
18779	0
18790	1
18805	0
18816	1
18832	0
18842	1
18857	0
20126	1
20142	0
20153	1
20168	0
20178	1
20195	0
20205	1
20220	0
20231	1
20247	0
20257	1
20273	0
20283	1
20330	0
20336	1
20351	0
20362	1
20378	0
20388	1
20403	0
20415	1
20430	0
20441	1
20456	0
20467	1
20482	0
20494	1
20509	0
20520	1
20535	0
20965	1
20980	0
20992	1
21007	0
21017	1
21033	0
21043	1
21059	0
21069	1
21086	0
21096	1
21112	0
21122	1
21138	0
21148	1
21165	0
21175	1
21191	0
21201	1
21216	0
21227	1
21242	0
21253	1
21268	0
21280	1
21295	0
21306	1
21321	0
21332	1
21347	0
21357	1
21374	0
21804	1
21819	0
21829	1
21845	0
21855	1
21872	0
21882	1
21898	0
21908	1
21924	0
21934	1
21951	0
21961	1
21977	0
21987	1
22002	0
22013	1
22028	0
22040	1
22055	0
22066	1
22081	0
22092	1
22107	0
22119	1
22134	0
22145	1
22160	0
22170	1
22186	0
22196	1
22216	0
23481	1
23496	0
23507	1
23522	0
23534	1
23551	0
23559	1
23575	0
23586	1
23601	0
23612	1
23628	0
23637	1
23654	0
23664	1
23680	0
23691	1
23706	0
23717	1
23732	0
23743	1
23758	0
23769	1
23784	0
23796	1
23811	0
23822	1
23837	0
23847	1
23863	0
23873	1
23890	0
25158	1
25174	0
25184	1
25201	0
25211	1
25226	0
25237	1
25252	0
25263	1
25278	0
25289	1
25304	0
25316	1
25331	0
25342	1
25357	0
25367	1
25383	0
25393	1
25410	0
25420	1
25436	0
25446	1
25462	0
25472	1
25489	0
25499	1
25515	0
25525	1
25540	0
25551	1
25566	0
25996	1
26013	0
26023	1
26039	0
26049	1
26065	0
26075	1
26091	0
26102	1
26118	0
26128	1
26143	0
26154	1
26173	0
26180	1
26196	0
26206	1
26222	0
26232	1
26249	0
26259	1
26275	0
26285	1
26300	0
26311	1
26326	0
26338	1
26353	0
26364	1
26379	0
26390	1
26405	0
27674	1
27689	0
27700	1
27716	0
27727	1
27742	0
27753	1
27768	0
27778	1
27794	0
27804	1
27821	0
27831	1
27847	0
27857	1
27873	0
27883	1
27900	0
27910	1
27926	0
27936	1
27951	0
27962	1
27977	0
27989	1
28004	0
28015	1
28030	0
28041	1
28056	0
28066	1
28083	0
29351	1
29367	0
29378	1
29393	0
29404	1
29419	0
29430	1
29445	0
29455	1
29472	0
29482	1
29498	0
29510	1
29524	0
29534	1
29550	0
29560	1
29577	0
29587	1
29603	0
29613	1
29629	0
29639	1
29655	0
29666	1
29682	0
29692	1
29708	0
29718	1
29733	0
29744	1
29759	0
30189	1
30206	0
30216	1
30232	0
30242	1
30258	0
30268	1
30285	0
30326	1
30336	0
30348	1
30363	0
30374	1
30389	0
30399	1
30415	0
30425	1
30441	0
30451	1
30468	0
30478	1
30494	0
30504	1
30520	0
30530	1
30547	0
30557	1
30572	0
30583	1
30598	0
31028	1
31045	0
31055	1
31071	0
31081	1
31096	0
31133	1
31149	0
31159	1
31175	0
31185	1
31202	0
31212	1
31228	0
31250	1
31254	0
31264	1
31280	0
31290	1
31307	0
31317	1
31333	0
31343	1
31358	0
31369	1
31384	0
31396	1
31411	0
31422	1
31437	0
32706	1
32721	0
32732	1
32747	0
32759	1
32774	0
32785	1
32800	0
32810	1
32826	0
32836	1
32852	0
32863	1
32879	0
32889	1
32905	0
32915	1
32931	0
32941	1
32958	0
32968	1
32984	0
32994	1
33010	0
33020	1
33035	0
33047	1
33062	0
33073	1
33088	0
33099	1
33114	0
33545	1
33560	0
33570	1
33586	0
33596	1
33613	0
33623	1
33639	0
33649	1
33665	0
33675	1
33691	0
33701	1
33718	0
33728	1
33744	0
33754	1
33770	0
33780	1
33795	0
33807	1
33822	0
33833	1
33848	0
33859	1
33874	0
33885	1
33900	0
33912	1
33927	0
33937	1
33953	0
34549	1
34556	0
34566	1
34582	0
34592	1
34609	0
34619	1
34635	0
34645	1
34661	0
34671	1
34688	0
34698	1
34713	0
34724	1
34739	0
34750	1
34765	0
34776	1
34792	0
36061	1
36076	0
36087	1
36102	0
36112	1
36128	0
36138	1
36155	0
36165	1
36181	0
36191	1
36207	0
36217	1
36234	0
36244	1
36260	0
36270	1
36286	0
36296	1
36311	0
36324	1
36337	0
36349	1
36364	0
36374	1
36390	0
36400	1
36417	0
36427	1
36443	0
36453	1
36469	0
36899	1
36914	0
36925	1
36942	0
36951	1
36967	0
36978	1
36993	0
37004	1
37020	0
37030	1
37045	0
37056	1
37071	0
37083	1
37098	0
37109	1
37124	0
37135	1
37150	0
37160	1
37177	0
37187	1
37203	0
37213	1
37229	0
37239	1
37256	0
37266	1
37282	0
37292	1
37307	0
37738	1
37753	0
37764	1
37779	0
37790	1
37805	0
37817	1
37832	0
37843	1
37858	0
37868	1
37884	0
37894	1
37910	0
37920	1
37937	0
37947	1
37963	0
37973	1
37989	0
37999	1
38016	0
38026	1
38042	0
38052	1
38067	0
38078	1
38093	0
38105	1
38120	0
38131	1
38146	0
38576	1
38592	0
38602	1
38619	0
38629	1
38645	0
38655	1
38670	0
38681	1
38696	0
38707	1
38722	0
38734	1
38749	0
38760	1
38775	0
38786	1
38801	0
38811	1
38828	0
38838	1
38854	0
38864	1
38880	0
38890	1
38907	0
38917	1
38933	0
38943	1
38959	0
38969	1
38985	0
39415	1
39430	0
39441	1
39456	0
39467	1
39482	0
39494	1
39509	0
39520	1
39541	0
39546	1
39561	0
39572	1
39587	0
39599	1
39614	0
39624	1
39640	0
39650	1
39666	0
39676	1
39693	0
39703	1
39719	0
39729	1
39745	0
39755	1
39772	0
39782	1
39797	0
39808	1
39823	0
40253	1
40274	0
40279	1
40349	0
40358	1
40374	0
40385	1
40400	0
40411	1
40426	0
40437	1
40452	0
40463	1
40479	0
40490	1
40505	0
40515	1
40531	0
40541	1
40557	0
40567	1
40584	0
40594	1
40610	0
40620	1
40636	0
40646	1
40663	0
41092	1
41108	0
41118	1
41134	0
41144	1
41161	0
41171	1
41186	0
41197	1
41212	0
41223	1
41238	0
41250	1
41265	0
41276	1
41291	0
41302	1
41317	0
41327	1
41344	0
41354	1
41370	0
41380	1
41396	0
41406	1
41423	0
41433	1
41449	0
41459	1
41475	0
41485	1
41500	0
41930	1
41947	0
41957	1
41973	0
41983	1
41998	0
42009	1
42024	0
42036	1
42051	0
42062	1
42077	0
42088	1
42103	0
42115	1
42130	0
42140	1
42156	0
42166	1
42182	0
42198	1
42208	0
42218	1
42235	0
42245	1
42261	0
42271	1
42287	0
42297	1
42314	0
42324	1
42339	0
42769	1
42784	0
42796	1
42811	0
42822	1
42837	0
42848	1
42863	0
42875	1
42890	0
42900	1
42916	0
42929	1
42942	0
42953	1
42968	0
42979	1
42994	0
43006	1
43021	0
43031	1
43047	0
43057	1
43073	0
43083	1
43100	0
43110	1
43126	0
43136	1
43152	0
43162	1
43179	0
43607	1
43624	0
43634	1
43650	0
43660	1
43676	0
43686	1
43702	0
43712	1
43729	0
43739	1
43755	0
43765	1
43780	0
43791	1
43807	0
43818	1
43833	0
43844	1
43859	0
43870	1
43885	0
43897	1
43912	0
43923	1
43938	0
43948	1
43964	0
43974	1
43991	0
44001	1
44017	0
44447	1
44462	0
44473	1
44488	0
44499	1
44514	0
44526	1
44541	0
44551	1
44567	0
44577	1
44593	0
44603	1
44620	0
44630	1
44646	0
44656	1
44672	0
44682	1
44699	0
44709	1
44725	0
44735	1
44750	0
44761	1
44776	0
44806	1
44808	0
44813	1
44829	0
44840	1
44855	0
45286	1
45301	0
45312	1
45327	0
45338	1
45353	0
45363	1
45379	0
45389	1
45406	0
45416	1
45432	0
45442	1
45458	0
45468	1
45485	0
45495	1
45511	0
45521	1
45537	0
45548	1
45563	0
45573	1
45589	0
45599	1
45616	0
45626	1
45642	0
45652	1
45668	0
45678	1
45694	0
46123	1
46140	0
46150	1
46165	0
46176	1
46192	0
46202	1
46218	0
46229	1
46244	0
46255	1
46270	0
46282	1
46297	0
46308	1
46323	0
46333	1
46349	0
46359	1
46375	0
46386	1
46402	0
46412	1
46428	0
46438	1
46454	0
46464	1
46481	0
46491	1
46506	0
46517	1
46532	0
46962	1
46979	0
46989	1
47004	0
47015	1
47030	0
47041	1
47056	0
47068	1
47083	0
47094	1
47135	0
47146	1
47162	0
47172	1
47188	0
47198	1
47214	0
47224	1
47266	0
47276	1
47293	0
47303	1
47319	0
47329	1
47345	0
47355	1
47372	0
47801	1
47817	0
47827	1
47843	0
47853	1
47870	0
47880	1
47896	0
47906	1
47921	0
47932	1
47947	0
47958	1
47974	0
47985	1
48000	0
48011	1
48026	0
48038	1
48053	0
48063	1
48079	0
48089	1
48105	0
48115	1
48131	0
48141	1
48158	0
48168	1
48184	0
48194	1
48210	0
48639	1
48656	0
48666	1
48682	0
48692	1
48708	0
48718	1
48733	0
48745	1
48760	0
48772	1
48787	0
48797	1
48812	0
48823	1
48838	0
48849	1
48865	0
48876	1
48891	0
48902	1
48917	0
48928	1
48943	0
48955	1
48970	0
48980	1
48996	0
49006	1
49022	0
49032	1
49049	0
49478	1
49493	0
49504	1
49521	0
49531	1
49547	0
49557	1
49572	0
49583	1
49598	0
49610	1
49625	0
49636	1
49651	0
49662	1
49677	0
49688	1
49703	0
49715	1
49730	0
49740	1
49756	0
49766	1
49782	0
49792	1
49809	0
49819	1
49835	0
49845	1
49861	0
49871	1
49888	0
50329	1
50332	0
50342	1
50359	0
50369	1
50386	0
50396	1
50411	0
50422	1
50437	0
50448	1
50463	0
50474	1
50489	0
50501	1
50516	0
50527	1
50542	0
50553	1
50568	0
50578	1
50595	0
50605	1
50621	0
50631	1
50647	0
50657	1
50674	0
50684	1
50700	0
50710	1
50725	0
51155	1
51172	0
51182	1
51197	0
51208	1
51223	0
51234	1
51249	0
51261	1
51276	0
51287	1
51302	0
51313	1
51328	0
51338	1
51355	0
51365	1
51381	0
51391	1
51408	0
51418	1
51433	0
51444	1
51459	0
51471	1
51486	0
51496	1
51512	0
51522	1
51538	0
51548	1
51565	0
51994	1
52010	0
52020	1
52035	0
52047	1
52062	0
52073	1
52088	0
52099	1
52114	0
52126	1
52141	0
52151	1
52168	0
52178	1
52194	0
52204	1
52219	0
52230	1
52245	0
52256	1
52271	0
52283	1
52298	0
52309	1
52324	0
52335	1
52350	0
52362	1
52377	0
52388	1
52403	0
52833	1
52849	0
52859	1
52875	0
52885	1
52900	0
52911	1
52927	0
52938	1
52953	0
52964	1
52979	0
52990	1
53005	0
53017	1
53032	0
53043	1
53058	0
53068	1
53084	0
53094	1
53111	0
53121	1
53137	0
53147	1
53163	0
53173	1
53190	0
53200	1
53216	0
53226	1
53241	0
54510	1
54526	0
54536	1
54552	0
54562	1
54578	0
54588	1
54605	0
54615	1
54631	0
54641	1
54656	0
54667	1
54682	0
54694	1
54709	0
54720	1
54735	0
54746	1
54762	0
54772	1
54787	0
54799	1
54814	0
54825	1
54840	0
54851	1
54866	0
54876	1
54893	0
54903	1
54919	0
55349	1
55367	0
55375	1
55391	0
55401	1
55417	0
55427	1
55443	0
55453	1
55470	0
55480	1
55495	0
55506	1
55521	0
55532	1
55547	0
55559	1
55574	0
55585	1
55600	0
55611	1
55626	0
55638	1
55653	0
55663	1
55679	0
55689	1
55705	0
55715	1
55731	0
55742	1
55758	0
56187	1
56204	0
56214	1
56229	0
56240	1
56255	0
56266	1
56281	0
56292	1
56307	0
56319	1
56334	0
56345	1
56360	0
56370	1
56386	0
56396	1
56413	0
56423	1
56439	0
56449	1
56465	0
56475	1
56492	0
56502	1
56518	0
56528	1
56544	0
56554	1
56569	0
56581	1
56596	0
57026	1
57041	0
57052	1
57067	0
57079	1
57094	0
57105	1
57120	0
57131	1
57146	0
57158	1
57173	0
57183	1
57199	0
57209	1
57225	0
57235	1
57252	0
57262	1
57278	0
57288	1
57304	0
57314	1
57330	0
57340	1
57355	0
57367	1
57382	0
57393	1
57409	0
57420	1
57434	0
57865	1
57880	0
57891	1
57906	0
57916	1
57933	0
57943	1
57959	0
57976	1
57985	0
57996	1
58012	0
58022	1
58037	0
58047	1
58064	0
58074	1
58090	0
58100	1
58116	0
58126	1
58143	0
58153	1
58169	0
58179	1
58195	0
58205	1
58220	0
58232	1
58247	0
58258	1
58273	0
58703	1
58718	0
58729	1
58745	0
58756	1
58771	0
58782	1
58797	0
58809	1
58824	0
58834	1
58850	0
58860	1
58876	0
58886	1
58903	0
58913	1
58929	0
58939	1
58955	0
58965	1
58981	0
58991	1
59006	0
59018	1
59033	0
59044	1
59059	0
59070	1
59085	0
59097	1
59112	0
60380	1
60396	0
60406	1
60423	0
60433	1
60449	0
60459	1
60475	0
60485	1
60500	0
60512	1
60527	0
60538	1
60553	0
60564	1
60579	0
60590	1
60612	0
60616	1
60632	0
60643	1
60658	0
60669	1
60685	0
60694	1
60711	0
60722	1
60737	0
60747	1
60762	0
60774	1
60789	0
61219	1
61235	0
61245	1
61261	0
61271	1
61287	0
61297	1
61314	0
61324	1
61340	0
61353	1
61365	0
61376	1
61393	0
61403	1
61418	0
61429	1
61444	0
61455	1
61470	0
61481	1
61496	0
61508	1
61523	0
61534	1
61549	0
61560	1
61575	0
61587	1
61602	0
61612	1
61628	0
62058	1
62073	0
62085	1
62100	0
62110	1
62126	0
62136	1
62152	0
62162	1
62178	0
62188	1
62205	0
62215	1
62231	0
62241	1
62257	0
62267	1
62284	0
62294	1
62309	0
62320	1
62335	0
62346	1
62361	0
62373	1
62388	0
62399	1
62414	0
62425	1
62440	0
62451	1
62466	0
63735	1
63750	0
63762	1
63777	0
63788	1
63803	0
63814	1
63829	0
63839	1
63856	0
63866	1
63882	0
63892	1
63908	0
63918	1
63935	0
63945	1
63961	0
63971	1
63986	0
63997	1
64020	0
64024	1
64039	0
64050	1
64065	0
64075	1
64091	0
64101	1
64118	0
64128	1
64144	0
64574	1
64589	0
64600	1
64616	0
64625	1
64642	0
64653	1
64668	0
64678	1
64695	0
64705	1
64720	0
64731	1
64746	0
64758	1
64773	0
64784	1
64799	0
64810	1
64825	0
64835	1
64851	0
64861	1
64878	0
64888	1
64904	0
64914	1
64930	0
64940	1
64957	0
64967	1
64982	0
66251	1
66266	0
66277	1
66292	0
66304	1
66319	0
66330	1
66345	0
66355	1
66371	0
66381	1
66398	0
66408	1
66424	0
66434	1
66450	0
66460	1
66477	0
66487	1
66503	0
66513	1
66528	0
66539	1
66554	0
66566	1
66581	0
66592	1
66607	0
66618	1
66633	0
66645	1
66659	0
67090	1
67105	0
67116	1
67131	0
67142	1
67157	0
67169	1
67184	0
67195	1
67210	0
67220	1
67237	0
67247	1
67263	0
67273	1
67289	0
67299	1
67314	0
67325	1
67341	0
67352	1
67367	0
67378	1
67393	0
67404	1
67419	0
67431	1
67446	0
67457	1
67472	0
67482	1
67498	0
67928	1
67944	0
67954	1
67970	0
67980	1
67996	0
68007	1
68023	0
68033	1
68049	0
68059	1
68075	0
68085	1
68100	0
68112	1
68127	0
68138	1
68153	0
68164	1
68179	0
68191	1
68206	0
68217	1
68232	0
68243	1
68258	0
68268	1
68285	0
68295	1
68311	0
68321	1
68337	0
68767	1
68782	0
68793	1
68808	0
68820	1
68835	0
68846	1
68861	0
68871	1
68887	0
68897	1
68914	0
68924	1
68940	0
68950	1
68966	0
68976	1
68992	0
69002	1
69019	0
69029	1
69045	0
69055	1
69070	0
69081	1
69096	0
69108	1
69123	0
69134	1
69149	0
69160	1
69175	0
69605	1
69621	0
69631	1
69648	0
69658	1
69674	0
69684	1
69699	0
69710	1
69725	0
69737	1
69752	0
69763	1
69778	0
69789	1
69805	0
69815	1
69831	0
69842	1
69857	0
69867	1
69884	0
69893	1
69909	0
69920	1
69936	0
69946	1
69962	0
69972	1
69987	0
69999	1
70014	0
70444	1
70460	0
70470	1
70486	0
70496	1
70511	0
70523	1
70538	0
70549	1
70564	0
70578	1
70590	0
70601	1
70617	0
70627	1
70644	0
70654	1
70670	0
70680	1
70695	0
70706	1
70721	0
70732	1
70748	0
70759	1
70774	0
70785	1
70800	0
70811	1
70826	0
70838	1
70853	0
71283	1
71298	0
71309	1
71324	0
71335	1
71351	0
71362	1
71377	0
71387	1
71403	0
71413	1
71429	0
71439	1
71456	0
71466	1
71482	0
71492	1
71508	0
71518	1
71535	0
71545	1
71561	0
71571	1
71586	0
71597	1
71612	0
71624	1
71639	0
71650	1
71665	0
71676	1
71691	0
72121	1
72136	0
72148	1
72163	0
72174	1
72189	0
72200	1
72215	0
72227	1
72242	0
72253	1
72268	0
72279	1
72294	0
72304	1
72320	0
72330	1
72347	0
72357	1
72373	0
72383	1
72399	0
72409	1
72426	0
72436	1
72452	0
72462	1
72504	0
72515	1
72530	0
72960	1
72975	0
72986	1
73001	0
73013	1
73028	0
73039	1
73054	0
73065	1
73080	0
73090	1
73107	0
73117	1
73133	0
73143	1
73159	0
73169	1
73186	0
73196	1
73212	0
73228	1
73237	0
73248	1
73264	0
73274	1
73291	0
73301	1
73317	0
73327	1
73342	0
73353	1
73368	0
73799	1
73814	0
73825	1
73841	0
73851	1
73867	0
73878	1
73893	0
73903	1
73919	0
73930	1
73945	0
73956	1
73971	0
73982	1
73997	0
74009	1
74024	0
74035	1
74050	0
74060	1
74076	0
74086	1
74103	0
74113	1
74129	0
74139	1
74155	0
74165	1
74182	0
74192	1
74208	0
74638	1
74653	0
74663	1
74679	0
74689	1
74705	0
74715	1
74732	0
74742	1
74758	0
74768	1
74784	0
74794	1
74811	0
74821	1
74837	0
74847	1
74862	0
74873	1
74888	0
74899	1
74914	0
74926	1
74941	0
74952	1
74967	0
74978	1
74993	0
75005	1
75020	0
75030	1
75046	0
75476	1
75491	0
75502	1
75518	0
75529	1
75544	0
75554	1
75570	0
75580	1
75596	0
75606	1
75623	0
75633	1
75649	0
75659	1
75675	0
75685	1
75700	0
75712	1
75728	0
75738	1
75754	0
75764	1
75779	0
75790	1
75805	0
75817	1
75833	0
75843	1
75858	0
75869	1
75884	0
77153	1
77168	0
77180	1
77195	0
77206	1
77221	0
77232	1
77247	0
77258	1
77273	0
77283	1
77300	0
77310	1
77326	0
77336	1
77352	0
77362	1
77379	0
77389	1
77405	0
77415	1
77431	0
77441	1
77457	0
77468	1
77484	0
77494	1
77509	0
77520	1
77535	0
77546	1
77561	0
78830	1
78845	0
78857	1
78872	0
78883	1
78898	0
78909	1
78924	0
78936	1
78951	0
78962	1
78977	0
78993	1
79003	0
79014	1
79029	0
79040	1
79056	0
79067	1
79082	0
79093	1
79108	0
79131	1
79135	0
79145	1
79161	0
79171	1
79187	0
79197	1
79212	0
79224	1
79239	0
79669	1
79685	0
79695	1
79710	0
79722	1
79737	0
79748	1
79764	0
79774	1
79789	0
79800	1
79815	0
79826	1
79841	0
79853	1
79868	0
79879	1
79894	0
79905	1
79920	0
79932	1
79947	0
79957	1
79973	0
79983	1
79999	0
80009	1
80026	0
80036	1
80052	0
80062	1
80078	0
80507	1
80524	0
80534	1
80550	0
80560	1
80576	0
80586	1
80602	0
80612	1
80627	0
80639	1
80654	0
80665	1
80680	0
80691	1
80706	0
80718	1
80733	0
80744	1
80759	0
80769	1
80785	0
80795	1
80812	0
80822	1
80838	0
80848	1
80864	0
80874	1
80891	0
80901	1
80917	0
81347	1
81362	0
81373	1
81388	0
81398	1
81414	0
81424	1
81441	0
81451	1
81467	0
81477	1
81493	0
81503	1
81520	0
81530	1
81545	0
81556	1
81571	0
81583	1
81598	0
81608	1
81624	0
81634	1
81650	0
81660	1
81702	0
81713	1
81729	0
81740	1
81755	0
82185	1
82200	0
82210	1
82227	0
82237	1
82253	0
82263	1
82279	0
82289	1
82306	0
82316	1
82332	0
82342	1
82358	0
82368	1
82383	0
82395	1
82410	0
82428	1
82436	0
82447	1
82463	0
82473	1
82489	0
82499	1
82516	0
82526	1
82541	0
82552	1
82567	0
82578	1
82593	0
83024	1
83039	0
83050	1
83065	0
83076	1
83091	0
83103	1
83118	0
83129	1
83144	0
83155	1
83170	0
83180	1
83196	0
83206	1
83223	0
83233	1
83249	0
83259	1
83275	0
83285	1
83302	0
83312	1
83328	0
83338	1
83353	0
83364	1
83379	0
83391	1
83406	0
83417	1
83432	0
83862	1
83878	0
83888	1
83903	0
83915	1
83930	0
83941	1
83956	0
83967	1
83982	0
83994	1
84009	0
84020	1
84035	0
84046	1
84061	0
84071	1
84087	0
84098	1
84114	0
84124	1
84140	0
84150	1
84166	0
84176	1
84193	0
84203	1
84219	0
84229	1
84244	0
84255	1
84270	0
84701	1
84716	0
84727	1
84742	0
84754	1
84769	0
84780	1
84795	0
84805	1
84821	0
84831	1
84848	0
84858	1
84874	0
84884	1
84900	0
84910	1
84926	0
84936	1
84953	0
84963	1
84978	0
84989	1
85004	0
85015	1
85031	0
85042	1
85057	0
85067	1
85084	0
85094	1
85110	0
85540	1
85555	0
85566	1
85581	0
85595	1
85607	0
85618	1
85633	0
85644	1
85660	0
85670	1
85685	0
85697	1
85712	0
85723	1
85738	0
85749	1
85764	0
85776	1
85791	0
85802	1
85817	0
85828	1
85843	0
85853	1
85870	0
85880	1
85896	0
85906	1
85922	0
85932	1
85948	0
87217	1
87233	0
87257	1
87259	0
87269	1
87285	0
87295	1
87311	0
87321	1
87338	0
87348	1
87364	0
87374	1
87389	0
87400	1
87415	0
87426	1
87442	0
87453	1
87468	0
87479	1
87494	0
87505	1
87520	0
87532	1
87547	0
87557	1
87573	0
87583	1
87599	0
87609	1
87626	0
88055	1
88072	0
88082	1
88097	0
88108	1
88123	0
88134	1
88149	0
88160	1
88175	0
88187	1
88202	0
88213	1
88228	0
88239	1
88255	0
88265	1
88280	0
88291	1
88307	0
88317	1
88333	0
88343	1
88359	0
88370	1
88386	0
88396	1
88412	0
88422	1
88438	0
88448	1
88463	0
88894	1
88909	0
88921	1
88936	0
88946	1
88962	0
88972	1
88988	0
88999	1
89014	0
89025	1
89040	0
89052	1
89067	0
89077	1
89093	0
89103	1
89119	0
89129	1
89146	0
89156	1
89172	0
89182	1
89198	0
89208	1
89225	0
89235	1
89250	0
89261	1
89276	0
89287	1
89302	0
89733	1
89748	0
89759	1
89774	0
89784	1
89801	0
89811	1
89827	0
89837	1
89853	0
89863	1
89880	0
89890	1
89906	0
89916	1
89932	0
89942	1
89958	0
89968	1
89983	0
89995	1
90010	0
90021	1
90036	0
90047	1
90062	0
90074	1
90089	0
90100	1
90115	0
90126	1
90141	0
90571	1
90587	0
90597	1
90614	0
90624	1
90639	0
90650	1
90665	0
90676	1
90691	0
90702	1
90718	0
90729	1
90744	0
90755	1
90770	0
90781	1
90796	0
90806	1
90823	0
90833	1
90849	0
90859	1
90893	0
90894	1
90901	0
90912	1
90928	0
90938	1
90954	0
90965	1
90980	0
91410	1
91425	0
91436	1
91451	0
91463	1
91478	0
91489	1
91504	0
91514	1
91530	0
91540	1
91557	0
91567	1
91583	0
91593	1
91609	0
91619	1
91635	0
91646	1
91661	0
91671	1
91688	0
91698	1
91714	0
91724	1
91740	0
91750	1
91766	0
91776	1
91793	0
91803	1
91819	0
92249	1
92264	0
92275	1
92290	0
92301	1
92316	0
92327	1
92342	0
92354	1
92369	0
92380	1
92395	0
92405	1
92421	0
92431	1
92448	0
92458	1
92474	0
92484	1
92500	0
92510	1
92526	0
92536	1
92553	0
92563	1
92579	0
92589	1
92604	0
92615	1
92630	0
92642	1
92657	0
93087	1
93103	0
93113	1
93129	0
93139	1
93154	0
93166	1
93181	0
93192	1
93207	0
93218	1
93233	0
93245	1
93260	0
93271	1
93286	0
93296	1
93312	0
93322	1
93339	0
93349	1
93365	0
93375	1
93391	0
93401	1
93418	0
93428	1
93444	0
93454	1
93470	0
93480	1
93500	0
93926	1
93941	0
93952	1
93967	0
93978	1
93994	0
94004	1
94020	0
94030	1
94046	0
94056	1
94073	0
94083	1
94099	0
94109	1
94125	0
94135	1
94150	0
94162	1
94177	0
94188	1
94203	0
94214	1
94231	0
94241	1
94256	0
94267	1
94282	0
94293	1
94308	0
94318	1
94334	0
94764	1
94780	0
94798	1
94806	0
94817	1
94832	0
94843	1
94859	0
94869	1
94885	0
94896	1
94911	0
94922	1
94937	0
94948	1
94963	0
94974	1
94990	0
95000	1
95016	0
95026	1
95042	0
95052	1
95068	0
95078	1
95095	0
95105	1
95146	0
95158	1
95173	0
95603	1
95619	0
95629	1
95645	0
95655	1
95671	0
95681	1
95697	0
95707	1
95724	0
95734	1
95750	0
95760	1
95776	0
95786	1
95801	0
95813	1
95828	0
95839	1
95854	0
95865	1
95880	0
95892	1
95907	0
95918	1
95933	0
95944	1
95959	0
95969	1
95985	0
95995	1
96012	0
96441	1
96457	0
96467	1
96484	0
96494	1
96510	0
96520	1
96536	0
96546	1
96562	0
96572	1
96589	0
96599	1
96615	0
96625	1
96640	0
96651	1
96666	0
96678	1
96693	0
96704	1
96719	0
96730	1
96745	0
96757	1
96772	0
96782	1
96798	0
96808	1
96824	0
96834	1
96851	0
97281	1
97296	0
97307	1
97322	0
97333	1
97348	0
97358	1
97374	0
97384	1
97401	0
97411	1
97427	0
97437	1
97454	0
97463	1
97479	0
97490	1
97505	0
97516	1
97532	0
97542	1
97558	0
97568	1
97583	0
97595	1
97610	0
97621	1
97636	0
97647	1
97662	0
97674	1
97689	0
98118	1
98134	0
98145	1
98161	0
98171	1
98191	0
98198	1
98213	0
98224	1
98239	0
98250	1
98265	0
98275	1
98292	0
98302	1
98318	0
98328	1
98344	0
98354	1
98371	0
98381	1
98397	0
98407	1
98423	0
98433	1
98449	0
98459	1
98475	0
98486	1
98501	0
98512	1
98527	0
98957	1
98973	0
98983	1
99000	0
99010	1
99026	0
99036	1
99052	0
99062	1
99078	0
99088	1
99105	0
99115	1
99130	0
99141	1
99156	0
99167	1
99182	0
99194	1
99209	0
99220	1
99235	0
99246	1
99261	0
99273	1
99288	0
99298	1
99314	0
99324	1
99340	0
99350	1
99366	0
99796	1
99811	0
99823	1
99838	0
99849	1
99864	0
99875	1
99890	0
99900	1
99917	0
99927	1
99943	0
99953	1
99969	0
99979	1
99995	0
100006	1
100022	0
100032	1
100048	0
100084	1
100100	0
100111	1
100126	0
100137	1
100152	0
100163	1
100178	0
100190	1
100205	0
100635	1
100650	0
100661	1
100676	0
100687	1
100702	0
100714	1
100729	0
100740	1
100755	0
100766	1
100781	0
100793	1
100808	0
100818	1
100841	0
100845	1
100860	0
100871	1
100886	0
100897	1
100912	0
100923	1
100938	0
100950	1
100965	0
100975	1
100991	0
101001	1
101017	0
101027	1
101044	0
101474	1
101489	0
101500	1
101516	0
101526	1
101541	0
101552	1
101567	0
101579	1
101594	0
101605	1
101620	0
101630	1
101646	0
101656	1
101673	0
101683	1
101699	0
101709	1
101725	0
101735	1
101751	0
101761	1
101778	0
101788	1
101803	0
101814	1
101829	0
101840	1
101855	0
101867	1
101882	0
102312	1
102328	0
102338	1
102354	0
102364	1
102379	0
102391	1
102406	0
102417	1
102432	0
102443	1
102458	0
102470	1
102485	0
102496	1
102511	0
102522	1
102537	0
102547	1
102564	0
102574	1
102590	0
102600	1
102616	0
102626	1
102642	0
102652	1
102669	0
102679	1
102695	0
102705	1
102720	0
103150	1
103166	0
103176	1
103193	0
103203	1
103219	0
103229	1
103272	0
103282	1
103297	0
103308	1
103323	0
103334	1
103349	0
103360	1
103376	0
103387	1
103402	0
103413	1
103428	0
103439	1
103454	0
103464	1
103481	0
103491	1
103507	0
103517	1
103533	0
103544	1
103559	0
103990	1
104005	0
104015	1
104031	0
104041	1
104057	0
104073	1
104084	0
104095	1
104109	0
104120	1
104137	0
104146	1
104162	0
104173	1
104188	0
104199	1
104214	0
104225	1
104240	0
104252	1
104267	0
104278	1
104293	0
104304	1
104319	0
104330	1
104346	0
104356	1
104372	0
104382	1
104398	0
104828	1
104843	0
104854	1
104869	0
104881	1
104896	0
104907	1
104922	0
104933	1
104948	0
104958	1
104975	0
104985	1
105001	0
105011	1
105027	0
105037	1
105053	0
105063	1
105080	0
105090	1
105106	0
105116	1
105131	0
105142	1
105157	0
105169	1
105184	0
105195	1
105210	0
105221	1
105236	0
105667	1
105682	0
105693	1
105708	0
105719	1
105734	0
105746	1
105761	0
105771	1
105787	0
105797	1
105813	0
105823	1
105840	0
105850	1
105866	0
105876	1
105892	0
105902	1
105918	0
105928	1
105945	0
105955	1
105970	0
105981	1
105996	0
106007	1
106022	0
106034	1
106049	0
106060	1
106075	0
106506	1
106521	0
106532	1
106547	0
106558	1
106573	0
106583	1
106599	0
106609	1
106626	0
106636	1
106652	0
106662	1
106704	0
106714	1
106731	0
106741	1
106757	0
106767	1
106783	0
106793	1
106810	0
106820	1
106835	0
106846	1
106861	0
106872	1
106887	0
106898	1
106914	0
107343	1
107359	0
107370	1
107386	0
107396	1
107412	0
107423	1
107438	0
107448	1
107465	0
107475	1
107490	0
107501	1
107516	0
107527	1
107542	0
107554	1
107569	0
107580	1
107595	0
107606	1
107621	0
107633	1
107648	0
107658	1
107674	0
107684	1
107700	0
107710	1
107726	0
107736	1
107753	0
108182	1
108198	0
108208	1
108224	0
108234	1
108251	0
108261	1
108277	0
108287	1
108303	0
108313	1
108330	0
108340	1
108355	0
108366	1
108381	0
108392	1
108407	0
108418	1
108434	0
108445	1
108460	0
108471	1
108486	0
108497	1
108512	0
108522	1
108539	0
108549	1
108565	0
108575	1
108591	0
109021	1
109037	0
109047	1
109063	0
109073	1
109090	0
109100	1
109115	0
109126	1
109141	0
109152	1
109167	0
109179	1
109194	0
109205	1
109220	0
109231	1
109246	0
109257	1
109272	0
109282	1
109306	0
109309	1
109325	0
109336	1
109351	0
109362	1
109377	0
109388	1
109403	0
109414	1
109429	0
109859	1
109875	0
109885	1
109902	0
109912	1
109928	0
109938	1
109954	0
109964	1
109981	0
109991	1
110007	0
110017	1
110032	0
110046	1
110059	0
110070	1
110085	0
110096	1
110111	0
110121	1
110137	0
110147	1
110164	0
110174	1
110190	0
110200	1
110216	0
110226	1
110243	0
110253	1
110269	0
110698	1
110715	0
110724	1
110740	0
110751	1
110766	0
110776	1
110793	0
110803	1
110819	0
110829	1
110845	0
110855	1
110872	0
110882	1
110897	0
110908	1
110923	0
110934	1
110949	0
110961	1
110976	0
110987	1
111002	0
111013	1
111028	0
111039	1
111055	0
111066	1
111081	0
111091	1
111107	0
111536	1
111553	0
111563	1
111579	0
111589	1
111605	0
111615	1
111631	0
111641	1
111658	0
111668	1
111684	0
111694	1
111710	0
111720	1
111735	0
111747	1
111762	0
111773	1
111788	0
111799	1
111814	0
111825	1
111841	0
111852	1
111867	0
111878	1
111893	0
111904	1
111919	0
111929	1
111946	0
112376	1
112391	0
112402	1
112417	0
112428	1
112443	0
112455	1
112470	0
112481	1
112496	0
112506	1
112522	0
112532	1
112549	0
112559	1
112575	0
112585	1
112601	0
112611	1
112627	0
112637	1
112654	0
112664	1
112679	0
112690	1
112705	0
112716	1
112732	0
112743	1
112758	0
112769	1
112784	0
113214	1
113230	0
113240	1
113256	0
113266	1
113282	0
113293	1
113308	0
113319	1
113335	0
113345	1
113361	0
113372	1
113387	0
113397	1
113413	0
113424	1
113439	0
113451	1
113466	0
113476	1
113492	0
113502	1
113518	0
113528	1
113544	0
113554	1
113571	0
113581	1
113597	0
113607	1
113623	0
114052	1
114069	0
114079	1
114095	0
114105	1
114121	0
114131	1
114147	0
114157	1
114174	0
114184	1
114200	0
114210	1
114225	0
114236	1
114251	0
114263	1
114278	0
114289	1
114304	0
114315	1
114330	0
114342	1
114357	0
114368	1
114383	0
114393	1
114409	0
114419	1
114435	0
114445	1
114462	0
114892	1
114907	0
114918	1
114933	0
114944	1
114959	0
114971	1
114986	0
114996	1
115012	0
115022	1
115038	0
115048	1
115064	0
115074	1
115091	0
115101	1
115117	0
115127	1
115143	0
115153	1
115168	0
115180	1
115195	0
115206	1
115221	0
115232	1
115247	0
115259	1
115274	0
115285	1
115300	0
115730	1
115745	0
115757	1
115772	0
115783	1
115798	0
115808	1
115824	0
115834	1
115851	0
115861	1
115877	0
115887	1
115903	0
115917	1
115929	0
115940	1
115955	0
115966	1
115982	0
115992	1
116008	0
116019	1
116034	0
116044	1
116061	0
116071	1
116086	0
116097	1
116112	0
116123	1
116138	0
116569	1
116584	0
116594	1
116611	0
116621	1
116637	0
116647	1
116663	0
116674	1
116689	0
116699	1
116715	0
116726	1
116742	0
116752	1
116768	0
116778	1
116794	0
116804	1
116821	0
116831	1
116846	0
116857	1
116872	0
116883	1
116898	0
116910	1
116925	0
116936	1
116951	0
116962	1
116977	0
117407	1
117423	0
117433	1
117449	0
117459	1
117476	0
117486	1
117502	0
117512	1
117528	0
117538	1
117553	0
117565	1
117580	0
117591	1
117606	0
117617	1
117632	0
117644	1
117659	0
117670	1
117685	0
117696	1
117711	0
117721	1
117737	0
117748	1
117764	0
117774	1
117790	0
117800	1
117817	0
119085	1
119100	0
119111	1
119136	0
119137	1
119152	0
119164	1
119179	0
119190	1
119205	0
119215	1
119231	0
119241	1
119260	0
119268	1
119284	0
119294	1
119310	0
119321	1
119337	0
119347	1
119362	0
119373	1
119388	0
119399	1
119414	0
119426	1
119441	0
119452	1
119467	0
119478	1
119493	0
119923	1
119939	0
119949	1
119966	0
119976	1
119991	0
120002	1
120017	0
120028	1
120043	0
120055	1
120070	0
120081	1
120096	0
120107	1
120122	0
120133	1
120148	0
120158	1
120175	0
120185	1
120201	0
120211	1
120227	0
120237	1
120254	0
120264	1
120280	0
120290	1
120332	0
120762	1
120777	0
120789	1
120804	0
120815	1
120830	0
120840	1
120856	0
120866	1
120882	0
120892	1
120909	0
120919	1
120935	0
120945	1
120961	0
120971	1
120988	0
120998	1
121013	0
121024	1
121039	0
121050	1
121065	0
121077	1
121092	0
121103	1
121118	0
121129	1
121144	0
121155	1
121170	0
121600	1
121616	0
121626	1
121643	0
121653	1
121669	0
121679	1
121694	0
121705	1
121720	0
121732	1
121747	0
121758	1
121773	0
121784	1
121799	0
121811	1
121826	0
121837	1
121852	0
121862	1
121878	0
121888	1
121905	0
121915	1
121931	0
121941	1
121957	0
121968	1
121983	0
121993	1
122009	0
122439	1
122455	0
122465	1
122481	0
122491	1
122507	0
122524	1
122534	0
122543	1
122560	0
122570	1
122585	0
122596	1
122613	0
122622	1
122638	0
122649	1
122664	0
122674	1
122691	0
122701	1
122717	0
122727	1
122743	0
122753	1
122769	0
122779	1
122796	0
122806	1
122822	0
122832	1
122847	0
123278	1
123294	0
123304	1
123320	0
123330	1
123346	0
123356	1
123373	0
123383	1
123398	0
123409	1
123424	0
123435	1
123450	0
123461	1
123476	0
123488	1
123503	0
123514	1
123529	0
123540	1
123555	0
123565	1
123582	0
123592	1
123608	0
123618	1
123634	0
123644	1
123661	0
123671	1
123687	0
124116	1
124131	0
124143	1
124158	0
124169	1
124184	0
124195	1
124210	0
124222	1
124237	0
124248	1
124263	0
124274	1
124289	0
124299	1
124315	0
124325	1
124342	0
124352	1
124368	0
124378	1
124394	0
124404	1
124421	0
124431	1
124447	0
124457	1
124473	0
124483	1
124498	0
124510	1
124525	0
124955	1
124971	0
124981	1
124996	0
125008	1
125023	0
125034	1
125049	0
125060	1
125075	0
125086	1
125101	0
125113	1
125128	0
125140	1
125155	0
125164	1
125180	0
125191	1
125206	0
125217	1
125233	0
125244	1
125259	0
125269	1
125285	0
125295	1
125311	0
125321	1
125338	0
125348	1
125364	0
125794	1
125809	0
125820	1
125835	0
125846	1
125862	0
125876	1
125888	0
125899	1
125914	0
125925	1
125940	0
125951	1
125966	0
125978	1
125993	0
126003	1
126019	0
126029	1
126045	0
126055	1
126072	0
126082	1
126098	0
126108	1
126124	0
126134	1
126149	0
126161	1
126176	0
126187	1
126202	0
126632	1
126647	0
126659	1
126674	0
126685	1
126700	0
126711	1
126726	0
126738	1
126753	0
126763	1
126779	0
126789	1
126805	0
126815	1
126832	0
126842	1
126858	0
126868	1
126884	0
126894	1
126911	0
126921	1
126936	0
126947	1
126962	0
126973	1
126988	0
126999	1
127014	0
127026	1
127041	0
127470	1
127487	0
127497	1
127513	0
127523	1
127539	0
127549	1
127565	0
127575	1
127592	0
127602	1
127618	0
127628	1
127644	0
127654	1
127669	0
127681	1
127696	0
127707	1
127722	0
127733	1
127748	0
127760	1
127775	0
127786	1
127811	0
127812	1
127827	0
127838	1
127854	0
127863	1
127880	0
128310	1
128325	0
128336	1
128351	0
128362	1
128377	0
128389	1
128404	0
128414	1
128429	0
128441	1
128456	0
128467	1
128482	0
128493	1
128508	0
128520	1
128535	0
128551	1
128561	0
128571	1
128588	0
128598	1
128614	0
128624	1
128640	0
128650	1
128665	0
128676	1
128692	0
128703	1
128718	0
129148	1
129163	0
129174	1
129190	0
129200	1
129216	0
129227	1
129242	0
129252	1
129269	0
129279	1
129295	0
129305	1
129321	0
129331	1
129347	0
129357	1
129374	0
129384	1
129400	0
129410	1
129426	0
129436	1
129451	0
129463	1
129478	0
129489	1
129504	0
129515	1
129530	0
129542	1
129557	0
129987	1
130003	0
130013	1
130028	0
130039	1
130054	0
130066	1
130081	0
130092	1
130107	0
130118	1
130133	0
130144	1
130160	0
130171	1
130186	0
130196	1
130212	0
130222	1
130238	0
130248	1
130265	0
130275	1
130291	0
130327	1
130343	0
130354	1
130369	0
130380	1
130395	0
130825	1
130841	0
130851	1
130868	0
130878	1
130894	0
130904	1
130919	0
130930	1
130945	0
130957	1
130972	0
130983	1
130998	0
131009	1
131024	0
131035	1
131050	0
131062	1
131077	0
131088	1
131103	0
131113	1
131129	0
131139	1
131156	0
131166	1
131182	0
131198	1
131208	0
131218	1
131235	0
131664	1
131679	0
131690	1
131705	0
131717	1
131732	0
131743	1
131768	0
131769	1
131784	0
131795	1
131811	0
131821	1
131837	0
131848	1
131863	0
131874	1
131889	0
131900	1
131915	0
131926	1
131942	0
131953	1
131968	0
131978	1
131994	0
132004	1
132020	0
132030	1
132047	0
132057	1
132073	0
132507	1
132518	0
132529	1
132544	0
132555	1
132570	0
132581	1
132596	0
132608	1
132623	0
132634	1
132649	0
132660	1
132675	0
132687	1
132702	0
132712	1
132728	0
132738	1
132754	0
132764	1
132781	0
132791	1
132807	0
132817	1
132833	0
132843	1
132859	0
132869	1
132884	0
132896	1
132911	0
133341	1
133356	0
133368	1
133383	0
133394	1
133409	0
133420	1
133435	0
133446	1
133461	0
133473	1
133488	0
133499	1
133514	0
133524	1
133540	0
133550	1
133567	0
133577	1
133593	0
133603	1
133619	0
133629	1
133646	0
133656	1
133672	0
133682	1
133697	0
133708	1
133723	0
133734	1
133750	0
134180	1
134196	0
134206	1
134222	0
134232	1
134249	0
134259	1
134274	0
134285	1
134300	0
134311	1
134326	0
134337	1
134352	0
134364	1
134382	0
134389	1
134405	0
134416	1
134431	0
134442	1
134458	0
134468	1
134484	0
134495	1
134510	0
134521	1
134536	0
134547	1
134562	0
134574	1
134589	0
135018	1
135034	0
135044	1
135061	0
135071	1
135087	0
135097	1
135113	0
135149	1
135165	0
135175	1
135192	0
135202	1
135218	0
135228	1
135244	0
135261	1
135270	0
135280	1
135296	0
135306	1
135323	0
135333	1
135349	0
135359	1
135375	0
135385	1
135401	0
135411	1
135428	0
135857	1
135873	0
135883	1
135899	0
135909	1
135925	0
135935	1
135952	0
135962	1
135978	0
135988	1
136004	0
136014	1
136029	0
136041	1
136056	0
136067	1
136082	0
136093	1
136108	0
136120	1
136135	0
136146	1
136161	0
136172	1
136187	0
136197	1
136213	0
136224	1
136240	0
136250	1
136266	0
136696	1
136711	0
136722	1
136737	0
136748	1
136763	0
136775	1
136790	0
136801	1
136816	0
136827	1
136842	0
136854	1
136869	0
136879	1
136895	0
136905	1
136921	0
136931	1
136947	0
136958	1
136974	0
136984	1
137000	0
137010	1
137025	0
137044	1
137052	0
137063	1
137078	0
137089	1
137105	0
138374	1
138389	0
138400	1
138415	0
138425	1
138442	0
138451	1
138467	0
138478	1
138493	0
138505	1
138520	0
138530	1
138546	0
138556	1
138572	0
138582	1
138598	0
138609	1
138625	0
138635	1
138651	0
138661	1
138677	0
138687	1
138704	0
138714	1
138729	0
138740	1
138755	0
138766	1
138781	0
140051	1
140066	0
140077	1
140092	0
140102	1
140118	0
140128	1
140145	0
140155	1
140171	0
140181	1
140197	0
140207	1
140224	0
140234	1
140250	0
140260	1
140276	0
140286	1
140328	0
140338	1
140354	0
140364	1
140381	0
140391	1
140407	0
140417	1
140432	0
140443	1
140459	0
140889	1
140905	0
140915	1
140931	0
140941	1
140957	0
140967	1
140984	0
140999	1
141009	0
141019	1
141036	0
141046	1
141062	0
141072	1
141088	0
141098	1
141114	0
141125	1
141141	0
141151	1
141167	0
141177	1
141192	0
141203	1
141219	0
141230	1
141245	0
141256	1
141271	0
141282	1
141297	0
142566	1
142582	0
142592	1
142608	0
142618	1
142635	0
142645	1
142660	0
142671	1
142686	0
142697	1
142712	0
142724	1
142739	0
142750	1
142765	0
142776	1
142791	0
142803	1
142818	0
142828	1
142844	0
142854	1
142870	0
142880	1
142897	0
142907	1
142923	0
142933	1
142949	0
142959	1
142975	0
144243	1
144259	0
144269	1
144286	0
144296	1
144312	0
144322	1
144337	0
144348	1
144366	0
144374	1
144391	0
144401	1
144417	0
144427	1
144443	0
144453	1
144468	0
144479	1
144494	0
144506	1
144521	0
144532	1
144547	0
144558	1
144573	0
144585	1
144600	0
144611	1
144626	0
144636	1
144652	0
145921	1
145936	0
145947	1
145962	0
145974	1
145989	0
145999	1
146015	0
146025	1
146041	0
146051	1
146068	0
146078	1
146094	0
146104	1
146120	0
146130	1
146147	0
146157	1
146173	0
146183	1
146198	0
146209	1
146224	0
146249	1
146252	0
146261	1
146277	0
146288	1
146303	0
146314	1
146329	0
147598	1
147614	0
147624	1
147640	0
147651	1
147666	0
147677	1
147693	0
147703	1
147718	0
147729	1
147744	0
147755	1
147771	0
147782	1
147797	0
147808	1
147823	0
147834	1
147849	0
147859	1
147876	0
147886	1
147902	0
147912	1
147928	0
147938	1
147955	0
147965	1
147981	0
147991	1
148007	0
159357	1
159374	0
159384	1
159399	0
159410	1
159432	0
159436	1
159451	0
159462	1
159478	0
159488	1
159504	0
159515	1
159530	0
159541	1
159556	0
159567	1
159582	0
159593	1
159609	0
159620	1
159635	0
159646	1
159661	0
159672	1
159687	0
159697	1
159714	0
159724	1
159740	0
159750	1
159766	0
159776	1
159793	0
159803	1
159819	0
159829	1
159845	0
159855	1
159871	0
159881	1
159898	0
159908	1
159923	0
159934	1
159949	0
159960	1
159975	0
159987	1
160002	0
160013	1
160028	0
160038	1
160054	0
160064	1
160081	0
160091	1
160107	0
160117	1
160133	0
160143	1
160160	0
160174	1
160186	0
160196	1
160211	0
160222	1
160237	0
160249	1
160264	0
160275	1
160290	0
160327	1
160343	0
160353	1
160369	0
160380	1
160395	0
160405	1
160422	0
160432	1
160448	0
160458	1
160474	0
160484	1
160500	0
160510	1
160526	0
160537	1
160552	0
160563	1
160578	0
160589	1
160604	0
160616	1
160631	0
160642	1
160657	0
160667	1
160683	0
160693	1
160710	0
160720	1
160736	0
160746	1
160789	0
160798	1
160814	0
160825	1
160840	0
160851	1
160867	0
160877	1
160893	0
160904	1
160920	0
160930	1
160945	0
160956	1
160971	0
160982	1
160997	0
161009	1
161024	0
161035	1
161050	0
161060	1
161077	0
161087	1
161103	0
161113	1
161129	0
161139	1
161155	0
161165	1
161182	0
161192	1
161208	0
161218	1
161234	0
161244	1
161259	0
161271	1
161286	0
161297	1
161312	0
161323	1
161338	0
161350	1
161365	0
161375	1
161391	0
161401	1
161417	0
161427	1
161444	0
161454	1
161470	0
161480	1
161496	0
161514	1
161522	0
161533	1
161548	0
161559	1
161574	0
161585	1
161600	0
161611	1
161626	0
161638	1
161653	0
161664	1
161679	0
161690	1
161705	0
161715	1
161732	0
161742	1
161758	0
161768	1
161784	0
161794	1
161811	0
161821	1
161837	0
161847	1
161863	0
161873	1
161888	0
161900	1
161915	0
161926	1
161941	0
161952	1
161967	0
161978	1
161993	0
162005	1
162020	0
162031	1
162046	0
162056	1
162080	0
162083	1
162099	0
162109	1
162125	0
162135	1
162150	0
162162	1
162177	0
162188	1
162203	0
162214	1
162229	0
162240	1
162255	0
162267	1
162282	0
162293	1
162308	0
162319	1
162334	0
162344	1
162361	0
162371	1
162387	0
162397	1
162413	0
162423	1
162440	0
162450	1
162466	0
162476	1
162492	0
162502	1
162517	0
162528	1
162543	0
162555	1
162570	0
162581	1
162596	0
162607	1
162622	0
162634	1
162649	0
162660	1
162675	0
162685	1
162701	0
164389	1
164404	0
164416	1
164431	0
164442	1
164457	0
164468	1
164483	0
164494	1
164509	0
164519	1
164536	0
164546	1
164562	0
164572	1
164588	0
164598	1
164615	0
164625	1
164641	0
164651	1
164667	0
164677	1
164700	0
164704	1
164719	0
164730	1
164746	0
164755	1
164772	0
164783	1
164797	0
166066	1
166083	0
166092	1
166108	0
166119	1
166134	0
166146	1
166161	0
166171	1
166187	0
166197	1
166213	0
166223	1
166239	0
166250	1
166266	0
166276	1
166292	0
166302	1
166318	0
166328	1
166345	0
166355	1
166370	0
166381	1
166396	0
166407	1
166422	0
166434	1
166449	0
166460	1
166475	0
167744	1
167760	0
167770	1
167785	0
167796	1
167811	0
167822	1
167838	0
167849	1
167864	0
167875	1
167890	0
167901	1
167916	0
167926	1
167943	0
167953	1
167969	0
167979	1
167995	0
168005	1
168022	0
168032	1
168048	0
168058	1
168074	0
168084	1
168104	0
168110	1
168126	0
168137	1
168152	0
168582	1
168598	0
168608	1
168624	0
168634	1
168651	0
168661	1
168677	0
168687	1
168703	0
168714	1
168729	0
168739	1
168756	0
168765	1
168782	0
168792	1
168808	0
168818	1
168834	0
168844	1
168859	0
168871	1
168886	0
168897	1
168912	0
168923	1
168938	0
168950	1
168965	0
168976	1
168991	0
169421	1
169436	0
169448	1
169463	0
169473	1
169489	0
169499	1
169515	0
169525	1
169542	0
169552	1
169568	0
169578	1
169594	0
169604	1
169620	0
169630	1
169647	0
169657	1
169672	0
169683	1
169698	0
169709	1
169724	0
169736	1
169751	0
169762	1
169777	0
169788	1
169803	0
169815	1
169830	0
170259	1
170275	0
170285	1
170355	0
170364	1
170380	0
170390	1
170406	0
170416	1
170433	0
170443	1
170459	0
170469	1
170485	0
170495	1
170510	0
170522	1
170537	0
170548	1
170563	0
170574	1
170589	0
170601	1
170616	0
170627	1
170642	0
170652	1
170668	0
171937	1
171953	0
171963	1
171979	0
171989	1
172004	0
172015	1
172031	0
172042	1
172057	0
172068	1
172091	0
172095	1
172109	0
172121	1
172136	0
172147	1
172162	0
172172	1
172188	0
172198	1
172215	0
172225	1
172241	0
172251	1
172267	0
172277	1
172294	0
172304	1
172320	0
172330	1
172345	0
172776	1
172791	0
172802	1
172817	0
172828	1
172843	0
172853	1
172870	0
172880	1
172896	0
172906	1
172922	0
172932	1
172949	0
172959	1
172975	0
172985	1
173001	0
173011	1
173026	0
173038	1
173053	0
173064	1
173079	0
173090	1
173105	0
173117	1
173132	0
173143	1
173158	0
173168	1
173184	0
173615	1
173630	0
173640	1
173656	0
173666	1
173682	0
173692	1
173709	0
173719	1
173735	0
173745	1
173761	0
173771	1
173787	0
173797	1
173814	0
173824	1
173839	0
173850	1
173865	0
173876	1
173891	0
173903	1
173918	0
173929	1
173944	0
173971	1
173972	0
173980	1
173997	0
174008	1
174022	0
175291	1
175306	0
175324	1
175333	0
175343	1
175360	0
175371	1
175385	0
175396	1
175411	0
175422	1
175438	0
175448	1
175464	0
175474	1
175491	0
175501	1
175517	0
175527	1
175543	0
175553	1
175569	0
175580	1
175596	0
175606	1
175621	0
175632	1
175647	0
175658	1
175673	0
175685	1
175700	0
176969	1
176984	0
176995	1
177010	0
177020	1
177037	0
177047	1
177063	0
177073	1
177089	0
177099	1
177116	0
177126	1
177142	0
177152	1
177168	0
177178	1
177193	0
177205	1
177220	0
177231	1
177246	0
177257	1
177272	0
177283	1
177298	0
177310	1
177325	0
177336	1
177351	0
177361	1
177377	0
177807	1
177822	0
177834	1
177849	0
177860	1
177875	0
177886	1
177901	0
177912	1
177928	0
177940	1
177953	0
177964	1
177981	0
177990	1
178006	0
178017	1
178032	0
178043	1
178058	0
178070	1
178085	0
178096	1
178111	0
178121	1
178137	0
178147	1
178164	0
178174	1
178190	0
178200	1
178216	0
179484	1
179500	0
179510	1
179527	0
179537	1
179553	0
179563	1
179579	0
179589	1
179606	0
179616	1
179631	0
179642	1
179657	0
179668	1
179683	0
179694	1
179709	0
179721	1
179736	0
179747	1
179762	0
179772	1
179788	0
179798	1
179815	0
179825	1
179841	0
179851	1
179867	0
179877	1
179894	0
180323	1
180339	0
180349	1
180365	0
180375	1
180391	0
180401	1
180418	0
180428	1
180444	0
180454	1
180470	0
180480	1
180495	0
180507	1
180522	0
180533	1
180548	0
180559	1
180601	0
180612	1
180627	0
180638	1
180654	0
180663	1
180680	0
180690	1
180706	0
180716	1
180732	0
181162	1
181177	0
181188	1
181203	0
181214	1
181229	0
181241	1
181256	0
181267	1
181282	0
181293	1
181308	0
181325	1
181335	0
181345	1
181360	0
181372	1
181387	0
181398	1
181413	0
181424	1
181439	0
181450	1
181466	0
181476	1
181492	0
181502	1
181518	0
181528	1
181544	0
181554	1
181571	0
182839	1
182855	0
182865	1
182881	0
182891	1
182906	0
182918	1
182933	0
182944	1
182959	0
182970	1
182985	0
182997	1
183012	0
183023	1
183038	0
183049	1
183064	0
183074	1
183090	0
183100	1
183117	0
183154	1
183169	0
183180	1
183195	0
183205	1
183228	0
183232	1
183247	0
184517	1
184532	0
184545	1
184558	0
184569	1
184584	0
184595	1
184611	0
184621	1
184636	0
184647	1
184662	0
184674	1
184689	0
184700	1
184715	0
184726	1
184741	0
184751	1
184768	0
184778	1
184794	0
184804	1
184820	0
184830	1
184847	0
184857	1
184873	0
184883	1
184899	0
184909	1
184926	0
185355	1
185370	0
185380	1
185397	0
185407	1
185423	0
185433	1
185449	0
185459	1
185476	0
185486	1
185502	0
185512	1
185528	0
185538	1
185555	0
185565	1
185580	0
185591	1
185606	0
185617	1
185632	0
185643	1
185658	0
185670	1
185685	0
185696	1
185711	0
185721	1
185737	0
185747	1
185764	0
187031	1
187048	0
187058	1
187074	0
187084	1
187100	0
187110	1
187127	0
187137	1
187157	0
187164	1
187179	0
187189	1
187206	0
187215	1
187231	0
187242	1
187257	0
187268	1
187283	0
187295	1
187310	0
187320	1
187336	0
187346	1
187362	0
187372	1
187389	0
187399	1
187415	0
187425	1
187441	0
188709	1
188725	0
188735	1
188752	0
188762	1
188778	0
188788	1
188804	0
188814	1
188829	0
188841	1
188856	0
188867	1
188882	0
188893	1
188908	0
188919	1
188934	0
188946	1
188961	0
188971	1
188987	0
188997	1
189013	0
189023	1
189040	0
189050	1
189066	0
189076	1
189092	0
189102	1
189119	0
189549	1
189564	0
189574	1
189589	0
189601	1
189616	0
189627	1
189642	0
189653	1
189668	0
189678	1
189695	0
189705	1
189721	0
189731	1
189747	0
189764	1
189774	0
189784	1
189800	0
189811	1
189826	0
189836	1
189851	0
189862	1
189878	0
189888	1
189904	0
189915	1
189931	0
189941	1
189957	0
190387	1
190403	0
190413	1
190428	0
190439	1
190454	0
190466	1
190481	0
190492	1
190507	0
190518	1
190539	0
190544	1
190559	0
190571	1
190586	0
190596	1
190612	0
190622	1
190638	0
190648	1
190665	0
190675	1
190691	0
190701	1
190717	0
190727	1
190742	0
190754	1
190769	0
190780	1
190795	0
192064	1
192079	0
192090	1
192106	0
192117	1
192132	0
192142	1
192158	0
192168	1
192184	0
192195	1
192211	0
192221	1
192237	0
192247	1
192263	0
192273	1
192290	0
192300	1
192316	0
192326	1
192341	0
192352	1
192367	0
192379	1
192394	0
192405	1
192420	0
192431	1
192454	0
192457	1
192473	0
192902	1
192918	0
192929	1
192945	0
192955	1
192971	0
192981	1
192996	0
193007	1
193022	0
193034	1
193049	0
193060	1
193075	0
193086	1
193101	0
193113	1
193128	0
193139	1
193154	0
193164	1
193180	0
193194	1
193206	0
193217	1
193233	0
193243	1
193258	0
193270	1
193285	0
193296	1
193311	0
193742	1
193761	0
193768	1
193783	0
193794	1
193809	0
193820	1
193836	0
193847	1
193862	0
193872	1
193888	0
193899	1
193914	0
193925	1
193940	0
193951	1
193966	0
193976	1
193993	0
194003	1
194019	0
194029	1
194045	0
194055	1
194072	0
194082	1
194098	0
194108	1
194124	0
194134	1
194149	0
195418	1
195434	0
195444	1
195461	0
195471	1
195487	0
195497	1
195512	0
195523	1
195538	0
195550	1
195565	0
195576	1
195591	0
195602	1
195617	0
195627	1
195644	0
195654	1
195670	0
195680	1
195696	0
195706	1
195723	0
195733	1
195749	0
195759	1
195775	0
195785	1
195807	0
195811	1
195827	0
196257	1
196272	0
196283	1
196298	0
196310	1
196325	0
196336	1
196351	0
196362	1
196377	0
196388	1
196404	0
196415	1
196430	0
196441	1
196456	0
196466	1
196483	0
196493	1
196508	0
196519	1
196534	0
196546	1
196561	0
196572	1
196587	0
196598	1
196613	0
196623	1
196640	0
196650	1
196666	0
197096	1
197116	0
197123	1
197137	0
197148	1
197163	0
197175	1
197190	0
197201	1
197216	0
197226	1
197242	0
197252	1
197269	0
197279	1
197295	0
197305	1
197321	0
197331	1
197348	0
197358	1
197374	0
197384	1
197400	0
197410	1
197425	0
197436	1
197452	0
197462	1
197478	0
197488	1
197505	0
197934	1
197950	0
197960	1
197977	0
197987	1
198002	0
198013	1
198028	0
198039	1
198054	0
198066	1
198081	0
198092	1
198107	0
198117	1
198133	0
198143	1
198160	0
198170	1
198186	0
198196	1
198212	0
198222	1
198239	0
198249	1
198264	0
198275	1
198290	0
198301	1
198316	0
198328	1
198343	0
198772	1
198789	0
198799	1
198815	0
198825	1
198841	0
198851	1
198868	0
198878	1
198894	0
198904	1
198919	0
198930	1
198945	0
198957	1
198972	0
198991	1
198999	0
199008	1
199025	0
199036	1
199050	0
199061	1
199077	0
199087	1
199103	0
199113	1
199155	0
199166	1
199181	0
199612	1
199627	0
199637	1
199653	0
199663	1
199680	0
199690	1
199706	0
199716	1
199732	0
199742	1
199766	0
199769	1
199784	0
199795	1
199810	0
199822	1
199837	0
199848	1
199863	0
199874	1
199889	0
199899	1
199916	0
199926	1
199942	0
199952	1
199968	0
199978	1
199994	0
200005	1
200021	0
200450	1
200466	0
200477	1
200492	0
200503	1
200518	0
200528	1
200544	0
200554	1
200571	0
200581	1
200597	0
200607	1
200623	0
200633	1
200650	0
200660	1
200676	0
200686	1
200701	0
200712	1
200727	0
200739	1
200754	0
200765	1
200780	0
200791	1
200806	0
200818	1
200833	0
200844	1
200859	0
201288	1
201304	0
201314	1
201331	0
201341	1
201357	0
201367	1
201383	0
201393	1
201410	0
201420	1
201436	0
201446	1
201462	0
201472	1
201487	0
201499	1
201514	0
201525	1
201540	0
201551	1
201566	0
201577	1
201592	0
201604	1
201619	0
201630	1
201645	0
201655	1
201697	0
202127	1
202143	0
202153	1
202170	0
202180	1
202196	0
202206	1
202222	0
202232	1
202247	0
202259	1
202274	0
202285	1
202300	0
202311	1
202326	0
202337	1
202352	0
202364	1
202379	0
202389	1
202405	0
202421	1
202432	0
202441	1
202458	0
202468	1
202484	0
202494	1
202510	0
202520	1
202537	0
202966	1
202988	0
202992	1
203008	0
203018	1
203034	0
203045	1
203060	0
203071	1
203087	0
203097	1
203113	0
203123	1
203139	0
203150	1
203165	0
203176	1
203191	0
203202	1
203217	0
203228	1
203243	0
203255	1
203270	0
203281	1
203296	0
203306	1
203322	0
203332	1
203349	0
203359	1
203375	0
203804	1
203820	0
203830	1
203847	0
203857	1
203873	0
203883	1
203899	0
203909	1
203926	0
203936	1
203952	0
203962	1
203977	0
203988	1
204003	0
204015	1
204030	0
204041	1
204056	0
204067	1
204082	0
204093	1
204108	0
204120	1
204135	0
204145	1
204161	0
204171	1
204187	0
204197	1
204214	0
204643	1
204659	0
204669	1
204686	0
204696	1
204711	0
204722	1
204737	0
204748	1
204763	0
204775	1
204790	0
204801	1
204816	0
204827	1
204842	0
204853	1
204869	0
204880	1
204895	0
204905	1
204921	0
204931	1
204947	0
204957	1
204974	0
204984	1
205000	0
205010	1
205027	0
205036	1
205052	0
205482	1
205498	0
205508	1
205524	0
205534	1
205550	0
205560	1
205577	0
205594	1
205603	0
205613	1
205629	0
205640	1
205655	0
205665	1
205682	0
205691	1
205707	0
205718	1
205733	0
205743	1
205760	0
205770	1
205786	0
205796	1
205812	0
205822	1
205839	0
205849	1
205864	0
205875	1
205890	0
206321	1
206336	0
206347	1
206363	0
206373	1
206389	0
206399	1
206415	0
206425	1
206441	0
206451	1
206468	0
206478	1
206493	0
206504	1
206519	0
206530	1
206545	0
206557	1
206572	0
206583	1
206598	0
206609	1
206624	0
206636	1
206651	0
206661	1
206677	0
206687	1
206703	0
206713	1
206730	0
207159	1
207174	0
207186	1
207201	0
207212	1
207227	0
207238	1
207253	0
207270	1
207280	0
207290	1
207306	0
207316	1
207332	0
207342	1
207359	0
207369	1
207385	0
207395	1
207410	0
207421	1
207437	0
207448	1
207463	0
207474	1
207489	0
207500	1
207516	0
207526	1
207542	0
207552	1
207568	0
207998	1
208013	0
208024	1
208039	0
208051	1
208066	0
208076	1
208092	0
208102	1
208118	0
208128	1
208145	0
208155	1
208171	0
208181	1
208197	0
208207	1
208224	0
208234	1
208249	0
208260	1
208276	0
208286	1
208302	0
208313	1
208328	0
208338	1
208355	0
208365	1
208380	0
208391	1
208406	0
208836	1
208852	0
208862	1
208879	0
208889	1
208905	0
208915	1
208931	0
208941	1
208957	0
208967	1
209009	0
209020	1
209035	0
209046	1
209061	0
209073	1
209088	0
209099	1
209114	0
209125	1
209140	0
209151	1
209166	0
209178	1
209193	0
209203	1
209219	0
209229	1
209245	0
209675	1
209691	0
209701	1
209717	0
209727	1
209743	0
209753	1
209770	0
209780	1
209796	0
209806	1
209822	0
209832	1
209849	0
209859	1
209874	0
209885	1
209900	0
209911	1
209926	0
209938	1
209953	0
209964	1
209979	0
209990	1
210005	0
210015	1
210031	0
210041	1
210058	0
210068	1
210084	0
210514	1
210529	0
210539	1
210556	0
210566	1
210582	0
210592	1
210608	0
210618	1
210635	0
210645	1
210661	0
210671	1
210687	0
210697	1
210712	0
210723	1
210739	0
210750	1
210765	0
210776	1
210791	0
210802	1
210817	0
210829	1
210844	0
210854	1
210870	0
210880	1
210896	0
210921	1
210922	0
211352	1
211369	0
211379	1
211394	0
211405	1
211420	0
211431	1
211446	0
211458	1
211473	0
211484	1
211499	0
211510	1
211525	0
211535	1
211551	0
211561	1
211578	0
211588	1
211604	0
211614	1
211630	0
211640	1
211662	0
211667	1
211683	0
211693	1
211709	0
211719	1
211735	0
211745	1
211761	0
212191	1
212206	0
212217	1
212233	0
212244	1
212259	0
212270	1
212286	0
212295	1
212312	0
212323	1
212337	0
212348	1
212364	0
212374	1
212390	0
212400	1
212417	0
212427	1
212443	0
212453	1
212468	0
212479	1
212494	0
212506	1
212521	0
212532	1
212547	0
212558	1
212573	0
212585	1
212600	0
213868	1
213884	0
213894	1
213911	0
213921	1
213937	0
213947	1
213962	0
213973	1
213988	0
214000	1
214015	0
214026	1
214041	0
214052	1
214067	0
214078	1
214093	0
214103	1
214120	0
214130	1
214146	0
214156	1
214172	0
214182	1
214199	0
214209	1
214225	0
214235	1
214251	0
214261	1
214277	0
214706	1
214723	0
214733	1
214749	0
214759	1
214775	0
214785	1
214802	0
214812	1
214827	0
214840	1
214854	0
214864	1
214880	0
214890	1
214906	0
214917	1
214932	0
214943	1
214958	0
214969	1
214984	0
214995	1
215010	0
215022	1
215037	0
215048	1
215063	0
215074	1
215089	0
215099	1
215116	0
215545	1
215561	0
215571	1
215588	0
215598	1
215615	0
215625	1
215639	0
215651	1
215666	0
215677	1
215692	0
215703	1
215718	0
215729	1
215744	0
215756	1
215771	0
215781	1
215797	0
215807	1
215823	0
215833	1
215850	0
215860	1
215876	0
215886	1
215902	0
215912	1
215929	0
215939	1
215954	0
216384	1
216400	0
216410	1
216426	0
216436	1
216453	0
216463	1
216479	0
216489	1
216505	0
216515	1
216530	0
216541	1
216557	0
216568	1
216583	0
216594	1
216609	0
216620	1
216635	0
216647	1
216662	0
216673	1
216688	0
216698	1
216714	0
216724	1
216741	0
216751	1
216767	0
216777	1
216793	0
217222	1
217238	0
217248	1
217271	0
217275	1
217291	0
217301	1
217317	0
217327	1
217344	0
217354	1
217370	0
217380	1
217396	0
217406	1
217421	0
217433	1
217448	0
217459	1
217474	0
217485	1
217500	0
217515	1
217526	0
217537	1
217552	0
217564	1
217579	0
217590	1
217605	0
217616	1
217631	0
218061	1
218077	0
218087	1
218104	0
218114	1
218130	0
218140	1
218156	0
218166	1
218181	0
218193	1
218208	0
218219	1
218234	0
218247	1
218260	0
218271	1
218286	0
218298	1
218313	0
218324	1
218339	0
218350	1
218365	0
218375	1
218392	0
218402	1
218418	0
218428	1
218444	0
218454	1
218470	0
219739	1
219754	0
219765	1
219780	0
219792	1
219807	0
219817	1
219833	0
219843	1
219859	0
219869	1
219886	0
219896	1
219912	0
219922	1
219938	0
219948	1
219964	0
219974	1
219991	0
220001	1
220016	0
220027	1
220042	0
220053	1
220068	0
220080	1
220095	0
220131	1
220148	0
220578	1
220593	0
220603	1
220619	0
220629	1
220645	0
220656	1
220672	0
220682	1
220698	0
220708	1
220724	0
220734	1
220751	0
220761	1
220777	0
220787	1
220802	0
220813	1
220828	0
220840	1
220855	0
220866	1
220881	0
220898	1
220908	0
220919	1
220934	0
220944	1
220960	0
220970	1
220986	0
221416	1
221432	0
221442	1
221467	0
221469	1
221484	0
221494	1
221511	0
221520	1
221536	0
221547	1
221562	0
221573	1
221589	0
221599	1
221615	0
221625	1
221641	0
221651	1
221668	0
221678	1
221694	0
221704	1
221720	0
221730	1
221745	0
221757	1
221772	0
221783	1
221798	0
221809	1
221824	0
223093	1
223109	0
223119	1
223162	0
223172	1
223188	0
223198	1
223214	0
223224	1
223240	0
223250	1
223273	0
223277	1
223292	0
223303	1
223318	0
223330	1
223345	0
223356	1
223371	0
223381	1
223397	0
223407	1
223423	0
223433	1
223450	0
223460	1
223476	0
223486	1
223502	0
223932	1
223947	0
223959	1
223974	0
223985	1
224000	0
224010	1
224026	0
224036	1
224052	0
224062	1
224079	0
224089	1
224112	0
224115	1
224131	0
224141	1
224158	0
224168	1
224184	0
224194	1
224209	0
224220	1
224235	0
224246	1
224262	0
224273	1
224288	0
224299	1
224314	0
224325	1
224340	0
225609	1
225625	0
225635	1
225651	0
225661	1
225677	0
225687	1
225704	0
225714	1
225730	0
225740	1
225756	0
225766	1
225781	0
225793	1
225808	0
225819	1
225834	0
225845	1
225860	0
225871	1
225887	0
225898	1
225913	0
225924	1
225939	0
225949	1
225965	0
225975	1
225992	0
226002	1
226018	0
226447	1
226464	0
226474	1
226490	0
226500	1
226516	0
226526	1
226542	0
226552	1
226569	0
226579	1
226594	0
226605	1
226620	0
226631	1
226646	0
226658	1
226673	0
226684	1
226699	0
226709	1
226726	0
226736	1
226752	0
226762	1
226778	0
226788	1
226804	0
226814	1
226831	0
226841	1
226857	0
227287	1
227302	0
227313	1
227328	0
227338	1
227354	0
227364	1
227381	0
227391	1
227407	0
227417	1
227440	0
227443	1
227459	0
227470	1
227486	0
227496	1
227512	0
227522	1
227537	0
227548	1
227563	0
227575	1
227590	0
227601	1
227616	0
227627	1
227642	0
227654	1
227669	0
227680	1
227695	0
228125	1
228141	0
228151	1
228167	0
228177	1
228193	0
228203	1
228219	0
228229	1
228246	0
228256	1
228272	0
228282	1
228298	0
228308	1
228325	0
228335	1
228350	0
228361	1
228376	0
228387	1
228402	0
228414	1
228429	0
228440	1
228455	0
228466	1
228481	0
228492	1
228507	0
228517	1
228534	0
228963	1
228980	0
228990	1
229005	0
229016	1
229031	0
229042	1
229057	0
229069	1
229084	0
229095	1
229110	0
229121	1
229136	0
229148	1
229163	0
229173	1
229189	0
229199	1
229215	0
229225	1
229241	0
229251	1
229268	0
229278	1
229294	0
229330	1
229346	0
229357	1
229372	0
229802	1
229818	0
229828	1
229844	0
229854	1
229870	0
229880	1
229897	0
229907	1
229923	0
229933	1
229949	0
229959	1
229976	0
229986	1
230001	0
230012	1
230027	0
230038	1
230060	0
230064	1
230080	0
230090	1
230107	0
230117	1
230133	0
230143	1
230158	0
230169	1
230184	0
230196	1
230211	0
230640	1
230662	0
230667	1
230683	0
230693	1
230709	0
230719	1
230736	0
230746	1
230761	0
230772	1
230787	0
230798	1
230813	0
230825	1
230840	0
230851	1
230866	0
230877	1
230892	0
230902	1
230919	0
230929	1
230945	0
230955	1
230971	0
230981	1
230998	0
231008	1
231024	0
231034	1
231050	0
231480	1
231495	0
231505	1
231521	0
231531	1
231548	0
231558	1
231574	0
231584	1
231600	0
231610	1
231627	0
231637	1
231653	0
231663	1
231679	0
231689	1
231704	0
231715	1
231730	0
231742	1
231757	0
231768	1
231783	0
231794	1
231809	0
231821	1
231836	0
231847	1
231862	0
231872	1
231888	0
232318	1
232334	0
232344	1
232359	0
232371	1
232386	0
232397	1
232412	0
232423	1
232438	0
232450	1
232465	0
232476	1
232491	0
232501	1
232517	0
232527	1
232544	0
232554	1
232570	0
232580	1
232596	0
232606	1
232622	0
232632	1
232649	0
232659	1
232674	0
232685	1
232700	0
232711	1
232732	0
233157	1
233172	0
233183	1
233198	0
233210	1
233225	0
233236	1
233251	0
233261	1
233277	0
233287	1
233304	0
233314	1
233330	0
233340	1
233356	0
233366	1
233383	0
233393	1
233408	0
233419	1
233434	0
233445	1
233460	0
233471	1
233487	0
233498	1
233513	0
233524	1
233539	0
233550	1
233565	0
233995	1
234011	0
234021	1
234037	0
234048	1
234063	0
234074	1
234089	0
234101	1
234116	0
234127	1
234142	0
234153	1
234168	0
234178	1
234194	0
234204	1
234221	0
234231	1
234247	0
234257	1
234273	0
234283	1
234298	0
234310	1
234326	0
234336	1
234352	0
234362	1
234377	0
234389	1
234404	0
234834	1
234849	0
234860	1
234875	0
234887	1
234902	0
234913	1
234928	0
234939	1
234954	0
234964	1
234981	0
234991	1
235007	0
235017	1
235033	0
235043	1
235060	0
235070	1
235086	0
235096	1
235112	0
235122	1
235137	0
235149	1
235164	0
235175	1
235190	0
235201	1
235216	0
235227	1
235242	0
236512	1
236527	0
236538	1
236553	0
236563	1
236579	0
236589	1
236606	0
236616	1
236632	0
236643	1
236657	0
236669	1
236684	0
236695	1
236710	0
236721	1
236736	0
236748	1
236763	0
236774	1
236789	0
236799	1
236815	0
236825	1
236841	0
236851	1
236868	0
236878	1
236894	0
236904	1
236920	0
238188	1
238204	0
238214	1
238231	0
238241	1
238257	0
238267	1
238283	0
238293	1
238308	0
238320	1
238335	0
238346	1
238361	0
238372	1
238387	0
238399	1
238414	0
238425	1
238440	0
238451	1
238466	0
238476	1
238519	0
238529	1
238544	0
238555	1
238572	0
238581	1
238597	0
239027	1
239043	0
239053	1
239069	0
239080	1
239096	0
239106	1
239121	0
239132	1
239153	0
239158	1
239174	0
239185	1
239200	0
239211	1
239226	0
239237	1
239252	0
239290	1
239305	0
239315	1
239332	0
239342	1
239358	0
239368	1
239383	0
239394	1
239409	0
239420	1
239436	0
239866	1
239882	0
239893	1
239908	0
239918	1
239933	0
239944	1
239960	0
239970	1
239987	0
239997	1
240012	0
240023	1
240038	0
240049	1
240064	0
240076	1
240091	0
240102	1
240117	0
240128	1
240143	0
240155	1
240170	0
240180	1
240196	0
240206	1
240222	0
240232	1
240248	0
240259	1
240275	0
240705	1
240720	0
240731	1
240746	0
240757	1
240772	0
240784	1
240799	0
240809	1
240825	0
240835	1
240851	0
240861	1
240877	0
240888	1
240904	0
240914	1
240930	0
240940	1
240956	0
240966	1
240983	0
240993	1
241008	0
241019	1
241034	0
241045	1
241060	0
241072	1
241087	0
241098	1
241113	0
241543	1
241558	0
241570	1
241585	0
241596	1
241611	0
241621	1
241637	0
241647	1
241664	0
241674	1
241690	0
241700	1
241716	0
241726	1
241742	0
241752	1
241769	0
241779	1
241795	0
241805	1
241820	0
241831	1
241846	0
241858	1
241873	0
241884	1
241899	0
241910	1
241926	0
241936	1
241952	0
242381	1
242398	0
242408	1
242424	0
242434	1
242449	0
242460	1
242475	0
242495	1
242502	0
242512	1
242529	0
242539	1
242555	0
242565	1
242581	0
242591	1
242608	0
242618	1
242633	0
242644	1
242659	0
242670	1
242685	0
242696	1
242711	0
242723	1
242738	0
242749	1
242764	0
242775	1
242790	0
243228	1
243237	0
243247	1
243262	0
243273	1
243288	0
243299	1
243314	0
243325	1
243340	0
243352	1
243367	0
243378	1
243393	0
243403	1
243419	0
243429	1
243446	0
243456	1
243472	0
243482	1
243498	0
243508	1
243525	0
243535	1
243551	0
243561	1
243577	0
243587	1
243602	0
243613	1
243628	0
244059	1
244074	0
244086	1
244101	0
244112	1
244127	0
244137	1
244153	0
244163	1
244179	0
244190	1
244206	0
244216	1
244232	0
244242	1
244258	0
244268	1
244285	0
244295	1
244311	0
244321	1
244336	0
244347	1
244362	0
244374	1
244389	0
244400	1
244415	0
244426	1
244441	0
244453	1
244468	0
244898	1
244913	0
244924	1
244939	0
244950	1
244965	0
244976	1
244991	0
245003	1
245018	0
245029	1
245044	0
245054	1
245070	0
245080	1
245097	0
245107	1
245123	0
245133	1
245149	0
245159	1
245175	0
245185	1
245202	0
245212	1
245228	0
245238	1
245254	0
245264	1
245281	0
245291	1
245306	0
246574	1
246591	0
246601	1
246617	0
246627	1
246643	0
246653	1
246670	0
246680	1
246695	0
246706	1
246721	0
246732	1
246747	0
246758	1
246774	0
246785	1
246800	0
246811	1
246826	0
246837	1
246852	0
246862	1
246879	0
246889	1
246905	0
246915	1
246931	0
246941	1
246958	0
246968	1
246984	0
247413	1
247430	0
247440	1
247455	0
247466	1
247481	0
247492	1
247507	0
247519	1
247534	0
247545	1
247560	0
247571	1
247586	0
247596	1
247613	0
247623	1
247639	0
247649	1
247665	0
247675	1
247691	0
247701	1
247744	0
247754	1
247770	0
247781	1
247796	0
247806	1
247823	0
248252	1
248267	0
248278	1
248294	0
248305	1
248320	0
248331	1
248346	0
248357	1
248372	0
248382	1
248399	0
248409	1
248425	0
248435	1
248451	0
248461	1
248478	0
248489	1
248504	0
248514	1
248530	0
248540	1
248557	0
248567	1
248582	0
248593	1
248608	0
248619	1
248634	0
248645	1
248660	0
249091	1
249107	0
249116	1
249133	0
249143	1
249159	0
249169	1
249186	0
249196	1
249211	0
249222	1
249237	0
249248	1
249263	0
249274	1
249289	0
249301	1
249316	0
249327	1
249342	0
249353	1
249368	0
249378	1
249395	0
249405	1
249421	0
249431	1
249447	0
249457	1
249473	0
249484	1
249500	0
249930	1
249945	0
249956	1
249971	0
249982	1
249997	0
250008	1
250023	0
250035	1
250050	0
250060	1
250076	0
250086	1
250102	0
250112	1
250129	0
250139	1
250155	0
250165	1
250181	0
250191	1
250206	0
250218	1
250233	0
250244	1
250259	0
250270	1
250285	0
250325	1
250339	0
250768	1
250784	0
250794	1
250810	0
250820	1
250836	0
250846	1
250863	0
250873	1
250888	0
250899	1
250914	0
250925	1
250940	0
250952	1
250967	0
250978	1
250993	0
251004	1
251019	0
251029	1
251046	0
251056	1
251072	0
251082	1
251098	0
251108	1
251125	0
251135	1
251151	0
251161	1
251177	0
251606	1
251621	0
251633	1
251648	0
251659	1
251674	0
251685	1
251702	0
251711	1
251728	0
251737	1
251753	0
251764	1
251779	0
251790	1
251806	0
251817	1
251832	0
251843	1
251858	0
251868	1
251884	0
251894	1
251911	0
251921	1
251937	0
251947	1
251963	0
251973	1
251990	0
252000	1
252016	0
252446	1
252460	0
252471	1
252487	0
252497	1
252513	0
252523	1
252540	0
252550	1
252566	0
252576	1
252592	0
252602	1
252619	0
252629	1
252644	0
252655	1
252670	0
252681	1
252696	0
252708	1
252723	0
252734	1
252749	0
252760	1
252775	0
252786	1
252801	0
252811	1
252828	0
252838	1
252854	0
253284	1
253299	0
253310	1
253325	0
253337	1
253352	0
253362	1
253378	0
253388	1
253405	0
253415	1
253431	0
253441	1
253456	0
253467	1
253482	0
253494	1
253509	0
253520	1
253535	0
253546	1
253561	0
253573	1
253588	0
253599	1
253614	0
253625	1
253640	0
253650	1
253666	0
253676	1
253693	0
254123	1
254138	0
254149	1
254164	0
254175	1
254190	0
254201	1
254216	0
254228	1
254243	0
254254	1
254269	0
254280	1
254295	0
254311	1
254321	0
254332	1
254347	0
254359	1
254374	0
254385	1
254400	0
254411	1
254426	0
254436	1
254453	0
254463	1
254479	0
254489	1
254505	0
254515	1
254532	0
254961	1
254976	0
254987	1
255002	0
255014	1
255029	0
255043	1
255055	0
255065	1
255082	0
255092	1
255108	0
255118	1
255134	0
255157	1
255160	0
255171	1
255186	0
255198	1
255213	0
255223	1
255239	0
255249	1
255291	0
255302	1
255317	0
255327	1
255344	0
255354	1
255370	0
255800	1
255816	0
255826	1
255841	0
255852	1
255867	0
255879	1
255894	0
255905	1
255920	0
255931	1
255946	0
255957	1
255972	0
255984	1
255999	0
256009	1
256025	0
256035	1
256051	0
256061	1
256078	0
256088	1
256104	0
256114	1
256130	0
256140	1
256157	0
256167	1
256183	0
256193	1
256208	0
256638	1
256654	0
256664	1
256681	0
256691	1
256707	0
256717	1
256732	0
256743	1
256758	0
256770	1
256785	0
256796	1
256811	0
256822	1
256837	0
256848	1
256863	0
256875	1
256890	0
256900	1
256916	0
256926	1
256942	0
256980	1
256995	0
257006	1
257020	0
257031	1
257048	0
257477	1
257492	0
257503	1
257518	0
257530	1
257545	0
257556	1
257571	0
257582	1
257597	0
257608	1
257623	0
257635	1
257650	0
257660	1
257676	0
257686	1
257709	0
257713	1
257729	0
257739	1
257754	0
257765	1
257780	0
257792	1
257807	0
257818	1
257833	0
257844	1
257859	0
257871	1
257886	0
258315	1
258332	0
258343	1
258358	0
258368	1
258384	0
258394	1
258410	0
258420	1
258435	0
258447	1
258462	0
258473	1
258488	0
258499	1
258514	0
258526	1
258541	0
258552	1
258567	0
258578	1
258593	0
258604	1
258619	0
258629	1
258646	0
258656	1
258672	0
258682	1
258698	0
258708	1
258725	0
259154	1
259170	0
259180	1
259196	0
259206	1
259223	0
259233	1
259249	0
259259	1
259274	0
259285	1
259300	0
259312	1
259327	0
259338	1
259353	0
259364	1
259379	0
259391	1
259406	0
259417	1
259432	0
259442	1
259458	0
259468	1
259484	0
259495	1
259511	0
259521	1
259537	0
259547	1
259563	0
259993	1
260009	0
260019	1
260034	0
260045	1
260060	0
260072	1
260087	0
260098	1
260113	0
260124	1
260139	0
260151	1
260166	0
260176	1
260192	0
260202	1
260218	0
260228	1
260245	0
260255	1
260271	0
260281	1
260326	0
260333	1
260349	0
260360	1
260376	0
260386	1
260401	0
260832	1
260847	0
260858	1
260873	0
260883	1
260900	0
260916	1
260926	0
260936	1
260952	0
260962	1
260978	0
260989	1
261004	0
261015	1
261030	0
261041	1
261056	0
261068	1
261083	0
261094	1
261109	0
261120	1
261135	0
261145	1
261162	0
261172	1
261188	0
261198	1
261214	0
261224	1
261241	0
261670	1
261685	0
261697	1
261712	0
261723	1
261738	0
261749	1
261764	0
261776	1
261791	0
261801	1
261817	0
261827	1
261843	0
261853	1
261869	0
261879	1
261896	0
261906	1
261922	0
261932	1
261948	0
261958	1
261975	0
261985	1
262000	0
262011	1
262026	0
262037	1
262052	0
262064	1
262079	0
262509	1
262524	0
262536	1
262551	0
262561	1
262577	0
262587	1
262603	0
262613	1
262629	0
262640	1
262656	0
262666	1
262682	0
262692	1
262708	0
262718	1
262733	0
262745	1
262760	0
262771	1
262786	0
262797	1
262812	0
262824	1
262839	0
262850	1
262865	0
262875	1
262891	0
262901	1
262918	0
263347	1
263363	0
263373	1
263390	0
263400	1
263416	0
263426	1
263441	0
263452	1
263467	0
263479	1
263494	0
263505	1
263520	0
263531	1
263556	0
263557	1
263572	0
263583	1
263599	0
263610	1
263625	0
263636	1
263651	0
263662	1
263677	0
263688	1
263703	0
263715	1
263730	0
263741	1
263756	0
264186	1
264201	0
264212	1
264227	0
264239	1
264254	0
264265	1
264280	0
264298	1
264306	0
264316	1
264333	0
264343	1
264359	0
264369	1
264385	0
264395	1
264412	0
264422	1
264438	0
264448	1
264464	0
264474	1
264489	0
264501	1
264516	0
264527	1
264542	0
264553	1
264568	0
264580	1
264595	0
265024	1
265041	0
265051	1
265067	0
265077	1
265093	0
265103	1
265119	0
265129	1
265144	0
265156	1
265171	0
265182	1
265197	0
265208	1
265223	0
265235	1
265250	0
265261	1
265276	0
265286	1
265302	0
265312	1
265329	0
265339	1
265355	0
265365	1
265381	0
265391	1
265408	0
265418	1
265434	0
265863	1
265879	0
265889	1
265906	0
265916	1
265932	0
265942	1
265958	0
265968	1
265983	0
265994	1
266009	0
266021	1
266036	0
266047	1
266062	0
266073	1
266088	0
266100	1
266115	0
266125	1
266141	0
266151	1
266175	0
266178	1
266194	0
266204	1
266220	0
266231	1
266246	0
266256	1
266273	0
266702	1
266717	0
266728	1
266744	0
266755	1
266770	0
266780	1
266796	0
266806	1
266822	0
266833	1
266849	0
266859	1
266875	0
266885	1
266901	0
266915	1
266927	0
266938	1
266953	0
266964	1
266979	0
266990	1
267005	0
267017	1
267032	0
267043	1
267058	0
267069	1
267084	0
267096	1
267111	0
267541	1
267556	0
267567	1
267583	0
267593	1
267609	0
267619	1
267635	0
267645	1
267662	0
267672	1
267687	0
267698	1
267713	0
267724	1
267739	0
267750	1
267766	0
267777	1
267792	0
267803	1
267818	0
267829	1
267844	0
267854	1
267871	0
267881	1
267897	0
267907	1
267923	0
267933	1
267950	0
268379	1
268395	0
268405	1
268421	0
268431	1
268447	0
268457	1
268474	0
268484	1
268500	0
268510	1
268526	0
268536	1
268551	0
268563	1
268578	0
268589	1
268604	0
268615	1
268630	0
268642	1
268657	0
268668	1
268683	0
268694	1
268709	0
268719	1
268736	0
268746	1
268762	0
268772	1
268791	0
269218	1
269233	0
269244	1
269260	0
269271	1
269286	0
269296	1
269312	0
269322	1
269338	0
269348	1
269365	0
269375	1
269391	0
269401	1
269417	0
269427	1
269444	0
269454	1
269469	0
269480	1
269495	0
269506	1
269521	0
269532	1
269548	0
269558	1
269575	0
269585	1
269600	0
269611	1
269626	0
270057	1
270072	0
270083	1
270107	0
270109	1
270124	0
270135	1
270150	0
270162	1
270177	0
270188	1
270203	0
270214	1
270229	0
270239	1
270256	0
270266	1
270282	0
270292	1
270334	0
270345	1
270361	0
270371	1
270387	0
270397	1
270413	0
270423	1
270438	0
270450	1
270465	0
270895	1
270911	0
270921	1
270936	0
270948	1
270963	0
270974	1
270989	0
271000	1
271015	0
271026	1
271041	0
271053	1
271068	0
271079	1
271094	0
271104	1
271120	0
271130	1
271172	0
271184	1
271199	0
271210	1
271225	0
271236	1
271251	0
271261	1
271279	0
271288	1
271303	0
271733	1
271749	0
271760	1
271776	0
271786	1
271802	0
271812	1
271828	0
271838	1
271855	0
271865	1
271880	0
271891	1
271906	0
271917	1
271932	0
271944	1
271959	0
271970	1
271985	0
271996	1
272011	0
272023	1
272038	0
272048	1
272064	0
272074	1
272090	0
272100	1
272116	0
272126	1
272143	0
272572	1
272588	0
272598	1
272614	0
272624	1
272641	0
272651	1
272667	0
272677	1
272693	0
272703	1
272719	0
272729	1
272746	0
272756	1
272771	0
272790	1
272797	0
272809	1
272824	0
272834	1
272850	0
272860	1
272876	0
272886	1
272903	0
272913	1
272929	0
272939	1
272955	0
272965	1
272982	0
273411	1
273426	0
273438	1
273453	0
273464	1
273479	0
273489	1
273505	0
273521	1
273531	0
273542	1
273557	0
273568	1
273583	0
273595	1
273610	0
273621	1
273636	0
273647	1
273662	0
273673	1
273688	0
273700	1
273715	0
273726	1
273741	0
273751	1
273767	0
273777	1
273794	0
273804	1
273820	0
274249	1
274266	0
274276	1
274292	0
274302	1
274318	0
274328	1
274343	0
274354	1
274369	0
274381	1
274396	0
274407	1
274422	0
274433	1
274448	0
274460	1
274475	0
274486	1
274501	0
274512	1
274527	0
274537	1
274554	0
274564	1
274580	0
274590	1
274606	0
274616	1
274632	0
274643	1
274659	0
275088	1
275104	0
275114	1
275130	0
275140	1
275156	0
275166	1
275183	0
275193	1
275209	0
275219	1
275235	0
275245	1
275262	0
275272	1
275287	0
275298	1
275313	0
275324	1
275339	0
275351	1
275366	0
275393	1
275395	0
275403	1
275418	0
275429	1
275445	0
275456	1
275471	0
275481	1
275496	0
275927	1
275943	0
275953	1
275969	0
275979	1
275995	0
276005	1
276021	0
276032	1
276047	0
276058	1
276073	0
276084	1
276099	0
276111	1
276126	0
276137	1
276152	0
276163	1
276178	0
276189	1
276204	0
276216	1
276231	0
276241	1
276257	0
276267	1
276283	0
276293	1
276310	0
276320	1
276336	0
276766	1
276781	0
276792	1
276807	0
276817	1
276833	0
276844	1
276860	0
276870	1
276886	0
276896	1
276912	0
276922	1
276939	0
276949	1
276965	0
276975	1
276991	0
277001	1
277016	0
277028	1
277043	0
277054	1
277069	0
277080	1
277095	0
277106	1
277122	0
277133	1
277148	0
277159	1
277174	0
278443	1
278458	0
278469	1
278484	0
278495	1
278510	0
278522	1
278537	0
278548	1
278563	0
278573	1
278589	0
278599	1
278616	0
278626	1
278642	0
278652	1
278668	0
278678	1
278695	0
278705	1
278721	0
278737	1
278746	0
278757	1
278773	0
278783	1
278800	0
278810	1
278826	0
278836	1
278851	0
279283	1
279297	0
279308	1
279323	0
279343	1
279350	0
279360	1
279376	0
279387	1
279402	0
279412	1
279429	0
279438	1
279454	0
279464	1
279481	0
279491	1
279507	0
279517	1
279533	0
279543	1
279560	0
279570	1
279585	0
279596	1
279611	0
279622	1
279637	0
279648	1
279664	0
279675	1
279690	0
280120	1
280135	0
280146	1
280161	0
280173	1
280188	0
280199	1
280214	0
280225	1
280240	0
280252	1
280267	0
280277	1
280293	0
280329	1
280346	0
280356	1
280372	0
280381	1
280398	0
280409	1
280424	0
280435	1
280502	0
280513	1
280528	0
280959	1
280974	0
280985	1
281000	0
281010	1
281027	0
281037	1
281053	0
281063	1
281079	0
281089	1
281106	0
281116	1
281132	0
281142	1
281158	0
281168	1
281183	0
281195	1
281210	0
281221	1
281236	0
281247	1
281262	0
281273	1
281289	0
281300	1
281315	0
281326	1
281341	0
281351	1
281367	0
281797	1
281813	0
281823	1
281840	0
281850	1
281865	0
281876	1
281891	0
281902	1
281917	0
281929	1
281944	0
281955	1
281970	0
281981	1
281996	0
282007	1
282022	0
282033	1
282056	0
282060	1
282075	0
282086	1
282101	0
282111	1
282127	0
282137	1
282154	0
282164	1
282180	0
282190	1
282206	0
282636	1
282651	0
282662	1
282677	0
282689	1
282704	0
282715	1
282730	0
282741	1
282756	0
282767	1
282789	0
282793	1
282809	0
282819	1
282835	0
282845	1
282862	0
282872	1
282888	0
282898	1
282913	0
282924	1
282939	0
282951	1
282966	0
282977	1
282992	0
283003	1
283018	0
283030	1
283045	0
283474	1
283491	0
283501	1
283517	0
283527	1
283542	0
283553	1
283568	0
283580	1
283595	0
283606	1
283621	0
283632	1
283647	0
283658	1
283673	0
283685	1
283700	0
283710	1
283726	0
283736	1
283752	0
283762	1
283779	0
283789	1
283805	0
283815	1
283831	0
283841	1
283858	0
283868	1
283883	0
284313	1
284329	0
284339	1
284355	0
284365	1
284382	0
284392	1
284407	0
284418	1
284433	0
284444	1
284459	0
284471	1
284486	0
284497	1
284512	0
284523	1
284538	0
284550	1
284565	0
284576	1
284591	0
284601	1
284617	0
284627	1
284643	0
284666	1
284669	0
284680	1
284696	0
284707	1
284722	0
285152	1
285167	0
285178	1
285193	0
285204	1
285219	0
285231	1
285246	0
285257	1
285272	0
285283	1
285298	0
285308	1
285325	0
285335	1
285351	0
285361	1
285377	0
285387	1
285407	0
285414	1
285429	0
285441	1
285456	0
285466	1
285482	0
285492	1
285508	0
285518	1
285535	0
285545	1
285561	0
285990	1
286007	0
286016	1
286032	0
286043	1
286058	0
286069	1
286085	0
286095	1
286111	0
286121	1
286136	0
286148	1
286163	0
286174	1
286189	0
286200	1
286215	0
286227	1
286242	0
286253	1
286268	0
286279	1
286294	0
286304	1
286321	0
286331	1
286347	0
286357	1
286373	0
286383	1
286399	0
286829	1
286845	0
286855	1
286870	0
286882	1
286897	0
286908	1
286923	0
286934	1
286949	0
286960	1
286975	0
286987	1
287002	0
287013	1
287028	0
287038	1
287054	0
287064	1
287081	0
287091	1
287107	0
287117	1
287133	0
287170	1
287185	0
287196	1
287211	0
287222	1
287237	0
287668	1
287683	0
287694	1
287709	0
287720	1
287735	0
287747	1
287762	0
287773	1
287788	0
287798	1
287814	0
287824	1
287841	0
287851	1
287867	0
287877	1
287893	0
287903	1
287920	0
287930	1
287945	0
287956	1
287971	0
287982	1
287997	0
288009	1
288024	0
288035	1
288050	0
288071	1
288076	0
288507	1
288522	0
288533	1
288548	0
288559	1
288574	0
288584	1
288601	0
288611	1
288627	0
288639	1
288653	0
288663	1
288679	0
288689	1
288706	0
288716	1
288732	0
288742	1
288758	0
288768	1
288784	0
288794	1
288811	0
288821	1
288836	0
288847	1
288862	0
288873	1
288888	0
288900	1
288915	0
289344	1
289361	0
289372	1
289387	0
289397	1
289413	0
289423	1
289440	0
289450	1
289466	0
289476	1
289491	0
289502	1
289517	0
289529	1
289544	0
289555	1
289570	0
289581	1
289596	0
289607	1
289623	0
289633	1
289649	0
289659	1
289675	0
289685	1
289701	0
289711	1
289728	0
289738	1
289754	0
290184	1
290199	0
290210	1
290225	0
290236	1
290251	0
290263	1
290278	0
290288	1
290330	0
290341	1
290356	0
290367	1
290382	0
290394	1
290409	0
290420	1
290435	0
290446	1
290461	0
290471	1
290488	0
290498	1
290514	0
290524	1
290540	0
290550	1
290567	0
290577	1
290592	0
291021	1
291038	0
291048	1
291064	0
291074	1
291090	0
291100	1
291117	0
291127	1
291143	0
291153	1
291169	0
291179	1
291196	0
291206	1
291221	0
291232	1
291247	0
291258	1
291273	0
291285	1
291299	0
291310	1
291325	0
291337	1
291352	0
291363	1
291378	0
291389	1
291404	0
291416	1
291431	0
291860	1
291877	0
291887	1
291903	0
291913	1
291929	0
291939	1
291956	0
291966	1
291982	0
291992	1
292007	0
292019	1
292033	0
292044	1
292060	0
292070	1
292087	0
292097	1
292112	0
292123	1
292138	0
292149	1
292164	0
292176	1
292191	0
292202	1
292217	0
292228	1
292243	0
292253	1
292270	0
292700	1
292715	0
292726	1
292741	0
292751	1
292768	0
292778	1
292794	0
292804	1
292820	0
292830	1
292846	0
292856	1
292873	0
292883	1
292899	0
292909	1
292924	0
292935	1
292950	0
292962	1
292977	0
292988	1
293003	0
293014	1
293029	0
293041	1
293056	0
293067	1
293082	0
293092	1
293108	0
293538	1
293554	0
293564	1
293580	0
293590	1
293607	0
293617	1
293633	0
293643	1
293658	0
293669	1
293684	0
293695	1
293710	0
293722	1
293737	0
293748	1
293763	0
293774	1
293789	0
293801	1
293816	0
293826	1
293842	0
293852	1
293868	0
293905	1
293921	0
293932	1
293947	0
294377	1
294392	0
294403	1
294418	0
294430	1
294445	0
294456	1
294471	0
294482	1
294497	0
294507	1
294523	0
294533	1
294550	0
294560	1
294576	0
294586	1
294602	0
294612	1
294633	0
294638	1
294654	0
294664	1
294681	0
294691	1
294707	0
294717	1
294733	0
294743	1
294760	0
294770	1
294786	0
295223	1
295231	0
295242	1
295257	0
295294	1
295309	0
295320	1
295336	0
295346	1
295363	0
295373	1
295388	0
295399	1
295414	0
295425	1
295440	0
295451	1
295466	0
295478	1
295493	0
295504	1
295519	0
295530	1
295545	0
295555	1
295572	0
295582	1
295598	0
295608	1
295624	0
296054	1
296069	0
296080	1
296095	0
296107	1
296122	0
296133	1
296148	0
296159	1
296174	0
296185	1
296200	0
296212	1
296227	0
296237	1
296253	0
296263	1
296279	0
296289	1
296306	0
296316	1
296332	0
296342	1
296358	0
296368	1
296385	0
296395	1
296410	0
296421	1
296436	0
296447	1
296462	0
297732	1
297747	0
297758	1
297773	0
297783	1
297799	0
297809	1
297826	0
297836	1
297851	0
297863	1
297878	0
297889	1
297904	0
297914	1
297930	0
297940	1
297957	0
297967	1
297983	0
297993	1
298009	0
298019	1
298036	0
298046	1
298062	0
298072	1
298087	0
298098	1
298113	0
298124	1
298139	0
299408	1
299425	0
299435	1
299451	0
299461	1
299476	0
299487	1
299502	0
299513	1
299529	0
299540	1
299555	0
299566	1
299581	0
299592	1
299607	0
299617	1
299634	0
299644	1
299660	0
299670	1
299686	0
299696	1
299713	0
299723	1
299739	0
299749	1
299765	0
299775	1
299792	0
299802	1
299817	0
300247	1
300263	0
300273	1
300289	0
300327	1
300341	0
300353	1
300368	0
300378	1
300394	0
300404	1
300420	0
300430	1
300447	0
300457	1
300485	0
300487	1
300499	0
300510	1
300525	0
300535	1
300552	0
300561	1
300577	0
300588	1
300604	0
300614	1
300630	0
300640	1
300655	0
301924	1
301940	0
301950	1
301966	0
301976	1
301993	0
302003	1
302019	0
302029	1
302045	0
302055	1
302070	0
302082	1
302097	0
302108	1
302123	0
302134	1
302149	0
302161	1
302176	0
302187	1
302202	0
302212	1
302228	0
302238	1
302255	0
302265	1
302281	0
302291	1
302307	0
302317	1
302333	0
303602	1
303617	0
303628	1
303643	0
303654	1
303669	0
303681	1
303696	0
303707	1
303722	0
303732	1
303748	0
303758	1
303775	0
303785	1
303801	0
303811	1
303827	0
303837	1
303853	0
303873	1
303879	0
303890	1
303906	0
303916	1
303932	0
303942	1
303957	0
303969	1
303984	0
303995	1
304010	0
305279	1
305295	0
305305	1
305321	0
305331	1
305348	0
305358	1
305373	0
305384	1
305399	0
305410	1
305425	0
305436	1
305451	0
305463	1
305478	0
305489	1
305504	0
305515	1
305530	0
305540	1
305557	0
305567	1
305583	0
305593	1
305609	0
305619	1
305635	0
305646	1
305662	0
305672	1
305688	0
306956	1
306971	0
306983	1
306998	0
307009	1
307024	0
307035	1
307059	0
307061	1
307076	0
307087	1
307103	0
307114	1
307129	0
307140	1
307155	0
307166	1
307181	0
307192	1
307207	0
307219	1
307234	0
307245	1
307260	0
307271	1
307286	0
307297	1
307312	0
307322	1
307339	0
307349	1
307365	0
830080	1
832761	0
