[µs]	Sample
0	0
706	1
722	0
733	1
749	0
759	1
775	0
785	1
801	0
811	1
827	0
837	1
853	0
863	1
880	0
890	1
906	0
916	1
961	0
969	1
985	0
994	1
1011	0
1022	1
1036	0
1047	1
1063	0
1074	1
1089	0
1099	1
1115	0
1152	1
1168	0
1178	1
1194	0
1204	1
1221	0
1231	1
1247	0
1268	1
1273	0
1283	1
1299	0
1309	1
1325	0
1335	1
1352	0
1362	1
1378	0
1388	1
1404	0
1414	1
1429	0
1441	1
1456	0
1467	1
1482	0
1493	1
1508	0
1519	1
1534	0
1546	1
1561	0
1572	1
1587	0
1597	1
1613	0
1623	1
1640	0
1650	1
1666	0
1676	1
1692	0
1702	1
1718	0
1728	1
1745	0
1755	1
1770	0
1781	1
1796	0
1808	1
1823	0
1834	1
1849	0
1860	1
1875	0
1885	1
1902	0
1912	1
1928	0
1938	1
1954	0
1964	1
1981	0
1991	1
2007	0
2017	1
2033	0
2043	1
2059	0
2069	1
2084	0
2096	1
2111	0
2122	1
2137	0
2148	1
2163	0
2175	1
2190	0
2201	1
2216	0
2227	1
2242	0
2252	1
2268	0
2279	1
2295	0
2311	1
2320	0
2331	1
2347	0
2358	1
2373	0
2384	1
2399	0
2410	1
2426	0
2437	1
2452	0
2462	1
2478	0
2488	1
2504	0
2514	1
2531	0
2541	1
2557	0
2567	1
2583	0
2593	1
2610	0
2620	1
2636	0
2646	1
2661	0
2672	1
2687	0
2699	1
2714	0
2725	1
2740	0
2751	1
2766	0
2777	1
2792	0
2804	1
2819	0
2829	1
2845	0
2855	1
2871	0
2881	1
2898	0
2908	1
2924	0
2934	1
2950	0
2960	1
2975	0
2987	1
3002	0
3013	1
3028	0
3039	1
3055	0
3065	1
3080	0
3092	1
3107	0
3118	1
3133	0
3144	1
3159	0
3170	1
3185	0
3197	1
3212	0
3223	1
3238	0
3248	1
3264	0
3274	1
3291	0
3301	1
3317	0
3327	1
3343	0
5031	1
5046	0
5056	1
5073	0
5083	1
5099	0
5109	1
5125	0
5135	1
5152	0
5162	1
5178	0
5188	1
5204	0
5214	1
5230	0
5274	1
5282	0
5293	1
5309	0
5319	1
5335	0
5346	1
5361	0
5372	1
5387	0
5397	1
5413	0
5423	1
5440	0
6708	1
6723	0
6734	1
6750	0
6761	1
6776	0
6787	1
6802	0
6813	1
6828	0
6838	1
6855	0
6865	1
6881	0
6891	1
6907	0
6917	1
6934	0
6944	1
6960	0
6970	1
6986	0
7023	1
7038	0
7049	1
7064	0
7075	1
7090	0
7102	1
7117	0
8385	1
8401	0
8411	1
8428	0
8438	1
8454	0
8464	1
8480	0
8490	1
8506	0
8516	1
8531	0
8543	1
8558	0
8569	1
8584	0
8595	1
8610	0
8622	1
8637	0
8648	1
8663	0
8673	1
8689	0
8699	1
8715	0
8726	1
8742	0
8752	1
8768	0
8778	1
8794	0
9224	1
9239	0
9266	1
9268	0
9277	1
9292	0
9303	1
9318	0
9328	1
9344	0
9354	1
9371	0
9381	1
9397	0
9407	1
9423	0
9433	1
9450	0
9460	1
9476	0
9486	1
9502	0
9512	1
9527	0
9539	1
9554	0
9565	1
9580	0
9591	1
9606	0
9617	1
9632	0
10063	1
10078	0
10089	1
10104	0
10115	1
10130	0
10142	1
10157	0
10167	1
10183	0
10193	1
10209	0
10219	1
10236	0
10251	1
10262	0
10272	1
10288	0
10299	1
10314	0
10325	1
10341	0
10350	1
10366	0
10377	1
10392	0
10404	1
10419	0
10430	1
10445	0
10455	1
10471	0
10901	1
10917	0
10927	1
10943	0
10953	1
10970	0
10980	1
10996	0
11006	1
11021	0
11032	1
11048	0
11059	1
11074	0
11085	1
11100	0
11111	1
11126	0
11136	1
11153	0
11163	1
11179	0
11189	1
11205	0
11215	1
11232	0
11242	1
11258	0
11268	1
11284	0
11294	1
11310	0
12579	1
12594	0
12605	1
12620	0
12631	1
12646	0
12658	1
12673	0
12683	1
12699	0
12709	1
12725	0
12735	1
12752	0
12762	1
12778	0
12788	1
12804	0
12814	1
12830	0
12840	1
12857	0
12867	1
12882	0
12893	1
12908	0
12919	1
12935	0
12946	1
12961	0
12971	1
12987	0
13417	1
13432	0
13443	1
13458	0
13470	1
13485	0
13496	1
13511	0
13522	1
13537	0
13549	1
13564	0
13575	1
13595	0
13600	1
13616	0
13626	1
13643	0
13653	1
13669	0
13679	1
13695	0
13705	1
13722	0
13732	1
13747	0
13758	1
13773	0
13784	1
13799	0
13811	1
13826	0
14256	1
14272	0
14282	1
14298	0
14308	1
14324	0
14334	1
14349	0
14361	1
14376	0
14387	1
14402	0
14413	1
14428	0
14440	1
14455	0
14466	1
14481	0
14492	1
14507	0
14517	1
14533	0
14543	1
14560	0
14570	1
14586	0
14596	1
14612	0
14622	1
14639	0
14649	1
14665	0
15934	1
15949	0
15959	1
15975	0
15985	1
16001	0
16011	1
16028	0
16038	1
16054	0
16064	1
16080	0
16090	1
16106	0
16116	1
16132	0
16143	1
16158	0
16169	1
16184	0
16195	1
16210	0
16222	1
16237	0
16249	1
16263	0
16274	1
16289	0
16299	1
16316	0
16326	1
16342	0
17610	1
17626	0
17637	1
17652	0
17662	1
17679	0
17689	1
17705	0
17715	1
17730	0
17742	1
17757	0
17768	1
17783	0
17793	1
17810	0
17820	1
17836	0
17846	1
17861	0
17873	1
17888	0
17899	1
17914	0
17924	1
17941	0
17951	1
17967	0
17977	1
17992	0
18004	1
18019	0
18449	1
18465	0
18475	1
18491	0
18501	1
18518	0
18528	1
18543	0
18554	1
18569	0
18580	1
18595	0
18606	1
18621	0
18633	1
18648	0
18659	1
18674	0
18684	1
18700	0
18710	1
18727	0
18737	1
18753	0
18763	1
18779	0
18789	1
18806	0
18816	1
18832	0
18842	1
18858	0
20126	1
20142	0
20152	1
20167	0
20179	1
20194	0
20205	1
20220	0
20231	1
20246	0
20258	1
20273	0
20284	1
20299	0
20310	1
20325	0
20335	1
20351	0
20361	1
20378	0
20388	1
20404	0
20414	1
20430	0
20440	1
20457	0
20467	1
20483	0
20493	1
20509	0
20519	1
20534	0
20965	1
20980	0
20991	1
21006	0
21018	1
21033	0
21044	1
21059	0
21069	1
21085	0
21095	1
21112	0
21122	1
21138	0
21148	1
21164	0
21174	1
21191	0
21201	1
21217	0
21227	1
21242	0
21253	1
21268	0
21279	1
21294	0
21306	1
21321	0
21332	1
21347	0
21358	1
21373	0
21804	1
21819	0
21830	1
21845	0
21856	1
21871	0
21883	1
21898	0
21909	1
21924	0
21934	1
21950	0
21960	1
21976	0
21987	1
22003	0
22013	1
22029	0
22039	1
22055	0
22065	1
22081	0
22092	1
22107	0
22118	1
22133	0
22145	1
22160	0
22171	1
22186	0
22196	1
22212	0
23480	1
23497	0
23507	1
23523	0
23533	1
23549	0
23559	1
23575	0
23585	1
23602	0
23612	1
23627	0
23638	1
23653	0
23664	1
23679	0
23691	1
23706	0
23717	1
23732	0
23743	1
23758	0
23769	1
23784	0
23795	1
23811	0
23821	1
23837	0
23847	1
23863	0
23873	1
23890	0
25158	1
25174	0
25184	1
25200	0
25210	1
25226	0
25236	1
25288	0
25291	1
25305	0
25315	1
25331	0
25341	1
25357	0
25367	1
25384	0
25394	1
25410	0
25420	1
25435	0
25446	1
25461	0
25473	1
25489	0
25498	1
25514	0
25525	1
25540	0
25551	1
25566	0
25996	1
26012	0
26022	1
26039	0
26076	1
26090	0
26101	1
26118	0
26127	1
26143	0
26154	1
26169	0
26179	1
26196	0
26206	1
26222	0
26232	1
26248	0
26258	1
26275	0
26285	1
26301	0
26311	1
26327	0
26337	1
26354	0
26364	1
26379	0
26390	1
26405	0
27674	1
27690	0
27700	1
27716	0
27726	1
27741	0
27753	1
27768	0
27779	1
27794	0
27805	1
27820	0
27831	1
27846	0
27858	1
27873	0
27883	1
27899	0
27909	1
27925	0
27935	1
27952	0
27962	1
27978	0
27988	1
28004	0
28015	1
28030	0
28041	1
28056	0
28067	1
28082	0
29351	1
29367	0
29377	1
29392	0
29404	1
29424	0
29429	1
29445	0
29456	1
29471	0
29481	1
29498	0
29508	1
29524	0
29534	1
29550	0
29560	1
29577	0
29587	1
29603	0
29613	1
29629	0
29639	1
29655	0
29666	1
29682	0
29692	1
29707	0
29718	1
29733	0
29744	1
29759	0
30189	1
30206	0
30216	1
30232	0
30242	1
30258	0
30268	1
30285	0
30295	1
30310	0
30321	1
30336	0
30347	1
30362	0
30373	1
30389	0
30400	1
30415	0
30426	1
30441	0
30452	1
30467	0
30477	1
30494	0
30504	1
30520	0
30530	1
30546	0
30556	1
30573	0
30583	1
30599	0
31029	1
31044	0
31055	1
31070	0
31080	1
31096	0
31106	1
31123	0
31133	1
31149	0
31159	1
31175	0
31186	1
31201	0
31212	1
31227	0
31238	1
31254	0
31264	1
31280	0
31290	1
31306	0
31317	1
31332	0
31343	1
31358	0
31369	1
31385	0
31396	1
31411	0
31421	1
31437	0
32706	1
32721	0
32732	1
32747	0
32758	1
32773	0
32785	1
32800	0
32810	1
32826	0
32836	1
32852	0
32862	1
32879	0
32889	1
32905	0
32915	1
32931	0
32941	1
32957	0
32968	1
32984	0
32994	1
33010	0
33020	1
33035	0
33046	1
33061	0
33073	1
33088	0
33099	1
33114	0
33544	1
33560	0
33570	1
33587	0
33597	1
33612	0
33623	1
33638	0
33650	1
33665	0
33675	1
33691	0
33701	1
33718	0
33728	1
33743	0
33754	1
33769	0
33780	1
33796	0
33806	1
33822	0
33832	1
33848	0
33859	1
33874	0
33884	1
33901	0
33911	1
33927	0
33937	1
33954	0
34382	1
34399	0
34409	1
34425	0
34435	1
34451	0
34461	1
34477	0
34488	1
34504	0
34514	1
34529	0
34540	1
34555	0
34566	1
34581	0
34593	1
34608	0
34619	1
34634	0
34645	1
34660	0
34672	1
34688	0
34698	1
34712	0
34724	1
34739	0
34750	1
34765	0
34776	1
34791	0
36060	1
36076	0
36086	1
36101	0
36113	1
36128	0
36139	1
36154	0
36165	1
36180	0
36192	1
36207	0
36218	1
36233	0
36243	1
36259	0
36269	1
36286	0
36296	1
36312	0
36322	1
36338	0
36348	1
36364	0
36374	1
36391	0
36401	1
36416	0
36427	1
36442	0
36453	1
36468	0
36899	1
36915	0
36925	1
36940	0
36951	1
36966	0
36978	1
36993	0
37004	1
37019	0
37030	1
37045	0
37056	1
37071	0
37083	1
37098	0
37108	1
37124	0
37134	1
37150	0
37160	1
37177	0
37187	1
37203	0
37213	1
37229	0
37239	1
37256	0
37266	1
37281	0
37292	1
37307	0
37737	1
37753	0
37763	1
37779	0
37789	1
37806	0
37816	1
37832	0
37842	1
37858	0
37868	1
37885	0
37895	1
37919	0
37921	1
37936	0
37947	1
37963	0
37973	1
37989	0
38000	1
38015	0
38026	1
38041	0
38052	1
38067	0
38078	1
38093	0
38105	1
38120	0
38130	1
38146	0
38576	1
38592	0
38602	1
38617	0
38628	1
38645	0
38658	1
38670	0
38681	1
38696	0
38707	1
38722	0
38734	1
38749	0
38760	1
38775	0
38785	1
38801	0
38811	1
38828	0
38838	1
38854	0
38864	1
38880	0
38890	1
38907	0
38917	1
38933	0
38943	1
38958	0
38969	1
38984	0
39415	1
39430	0
39441	1
39456	0
39467	1
39482	0
39494	1
39509	0
39520	1
39535	0
39546	1
39561	0
39571	1
39588	0
39598	1
39614	0
39624	1
39640	0
39650	1
39666	0
39676	1
39693	0
39703	1
39719	0
39729	1
39744	0
39755	1
39770	0
39782	1
39797	0
39808	1
39823	0
40253	1
40269	0
40280	1
40295	0
40306	1
40321	0
40332	1
40347	0
40359	1
40374	0
40384	1
40400	0
40410	1
40426	0
40436	1
40453	0
40463	1
40479	0
40489	1
40505	0
40515	1
40531	0
40541	1
40558	0
40568	1
40584	0
40594	1
40610	0
40620	1
40635	0
40646	1
40661	0
41092	1
41107	0
41119	1
41160	0
41171	1
41186	0
41197	1
41212	0
41223	1
41238	0
41250	1
41272	0
41275	1
41296	0
41302	1
41318	0
41328	1
41343	0
41354	1
41369	0
41381	1
41396	0
41407	1
41422	0
41432	1
41448	0
41458	1
41475	0
41485	1
41501	0
41930	1
41947	0
41957	1
41972	0
41983	1
41999	0
42009	1
42025	0
42035	1
42050	0
42062	1
42077	0
42088	1
42103	0
42115	1
42130	0
42140	1
42156	0
42166	1
42182	0
42192	1
42209	0
42219	1
42234	0
42245	1
42260	0
42272	1
42287	0
42298	1
42313	0
42323	1
42339	0
42769	1
42785	0
42795	1
42811	0
42821	1
42838	0
42848	1
42864	0
42874	1
42890	0
42900	1
42915	0
42927	1
42942	0
42953	1
42968	0
42979	1
42994	0
43005	1
43021	0
43032	1
43047	0
43057	1
43073	0
43083	1
43099	0
43109	1
43126	0
43136	1
43152	0
43162	1
43178	0
43607	1
43623	0
43633	1
43650	0
43660	1
43676	0
43686	1
43702	0
43712	1
43729	0
43739	1
43755	0
43765	1
43780	0
43791	1
43806	0
43818	1
43833	0
43844	1
43859	0
43870	1
43885	0
43905	1
43912	0
43922	1
43938	0
43948	1
43964	0
43974	1
43991	0
44001	1
44017	0
44446	1
44462	0
44482	1
44489	0
44500	1
44514	0
44525	1
44540	0
44551	1
44567	0
44578	1
44593	0
44604	1
44619	0
44629	1
44646	0
44656	1
44672	0
44682	1
44698	0
44708	1
44724	0
44734	1
44751	0
44761	1
44777	0
44787	1
44802	0
44813	1
44828	0
44840	1
44855	0
45285	1
45300	0
45312	1
45327	0
45338	1
45353	0
45364	1
45379	0
45390	1
45405	0
45415	1
45432	0
45442	1
45458	0
45468	1
45484	0
45494	1
45511	0
45521	1
45537	0
45547	1
45563	0
45573	1
45588	0
45600	1
45615	0
45626	1
45641	0
45652	1
45667	0
45679	1
45694	0
46124	1
46139	0
46149	1
46166	0
46176	1
46192	0
46202	1
46218	0
46228	1
46245	0
46255	1
46271	0
46281	1
46297	0
46307	1
46322	0
46333	1
46348	0
46360	1
46375	0
46386	1
46401	0
46412	1
46427	0
46439	1
46454	0
46464	1
46480	0
46490	1
46506	0
46516	1
46533	0
46963	1
46978	0
46989	1
47004	0
47014	1
47030	0
47040	1
47057	0
47067	1
47083	0
47093	1
47109	0
47119	1
47142	0
47146	1
47161	0
47172	1
47187	0
47198	1
47213	0
47225	1
47240	0
47251	1
47266	0
47277	1
47292	0
47302	1
47319	0
47329	1
47345	0
47355	1
47371	0
47801	1
47816	0
47827	1
47842	0
47854	1
47873	0
47880	1
47895	0
47906	1
47921	0
47931	1
47948	0
47958	1
47974	0
47984	1
48000	0
48010	1
48026	0
48036	1
48053	0
48063	1
48079	0
48089	1
48105	0
48115	1
48130	0
48142	1
48157	0
48168	1
48183	0
48194	1
48209	0
48640	1
48655	0
48666	1
48681	0
48692	1
48707	0
48719	1
48734	0
48745	1
48760	0
48771	1
48786	0
48796	1
48812	0
48822	1
48839	0
48849	1
48865	0
48875	1
48891	0
48901	1
48918	0
48928	1
48944	0
48954	1
48970	0
48980	1
48995	0
49007	1
49022	0
49033	1
49048	0
49478	1
49494	0
49504	1
49520	0
49531	1
49547	0
49557	1
49572	0
49583	1
49598	0
49609	1
49624	0
49636	1
49812	0
49819	1
49834	0
49844	1
49861	0
49871	1
49887	0
50316	1
50333	0
50343	1
50359	0
50369	1
50385	0
50395	1
50411	0
50422	1
50437	0
50448	1
50463	0
50474	1
50489	0
50501	1
50516	0
50527	1
50542	0
50552	1
50568	0
50578	1
50595	0
50605	1
50621	0
50631	1
50647	0
50657	1
50674	0
50684	1
50699	0
50710	1
50725	0
51155	1
51171	0
51181	1
51198	0
51208	1
51224	0
51234	1
51249	0
51261	1
51276	0
51286	1
51301	0
51313	1
51328	0
51339	1
51354	0
51365	1
51380	0
51392	1
51407	0
51418	1
51433	0
51444	1
51459	0
51469	1
51486	0
51496	1
51512	0
51522	1
51538	0
51548	1
51565	0
51994	1
52010	0
52021	1
52036	0
52047	1
52062	0
52073	1
52088	0
52098	1
52115	0
52125	1
52141	0
52151	1
52167	0
52177	1
52194	0
52204	1
52220	0
52230	1
52245	0
52256	1
52271	0
52283	1
52298	0
52309	1
52324	0
52335	1
52350	0
52361	1
52376	0
52388	1
52403	0
52833	1
52848	0
52859	1
52874	0
52885	1
52900	0
52912	1
52927	0
52938	1
52953	0
52964	1
52979	0
52989	1
53006	0
53016	1
53032	0
53042	1
53058	0
53068	1
53085	0
53095	1
53111	0
53121	1
53137	0
53147	1
53162	0
53173	1
53188	0
53200	1
53215	0
53226	1
53241	0
54510	1
54526	0
54536	1
54552	0
54562	1
54578	0
54589	1
54605	0
54617	1
54631	0
54641	1
54656	0
54667	1
54682	0
54694	1
54709	0
54720	1
54735	0
54746	1
54761	0
54771	1
54788	0
54798	1
54814	0
54824	1
54840	0
54850	1
54867	0
54877	1
54893	0
54903	1
54919	0
55349	1
55364	0
55375	1
55390	0
55402	1
55417	0
55427	1
55443	0
55453	1
55469	0
55479	1
55495	0
55506	1
55522	0
55532	1
55548	0
55558	1
55574	0
55584	1
55600	0
55611	1
55626	0
55637	1
55652	0
55664	1
55679	0
55689	1
55705	0
55715	1
55731	0
55741	1
55758	0
56188	1
56203	0
56213	1
56229	0
56239	1
56255	0
56265	1
56282	0
56292	1
56308	0
56318	1
56334	0
56344	1
56361	0
56371	1
56387	0
56397	1
56412	0
56423	1
56438	0
56450	1
56465	0
56476	1
56491	0
56502	1
56517	0
56536	1
56543	0
56554	1
56570	0
56581	1
56596	0
57025	1
57042	0
57052	1
57068	0
57078	1
57094	0
57104	1
57121	0
57156	1
57173	0
57183	1
57199	0
57209	1
57225	0
57235	1
57252	0
57276	1
57278	0
57288	1
57304	0
57321	1
57330	0
57340	1
57356	0
57367	1
57382	0
57393	1
57408	0
57418	1
57435	0
57864	1
57889	0
57890	1
57907	0
57917	1
57932	0
57943	1
57959	0
57969	1
57985	0
57996	1
58011	0
58021	1
58038	0
58048	1
58064	0
58074	1
58090	0
58100	1
58116	0
58126	1
58143	0
58153	1
58168	0
58179	1
58194	0
58205	1
58220	0
58232	1
58247	0
58258	1
58273	0
58703	1
58719	0
58729	1
58744	0
58756	1
58771	0
58782	1
58797	0
58808	1
58823	0
58835	1
58850	0
58861	1
58876	0
58887	1
58902	0
58912	1
58929	0
58939	1
58955	0
58965	1
58981	0
58991	1
59007	0
59017	1
59034	0
59044	1
59059	0
59070	1
59085	0
59096	1
59111	0
60380	1
60397	0
60407	1
60423	0
60433	1
60449	0
60460	1
60474	0
60485	1
60501	0
60511	1
60527	0
60538	1
60553	0
60564	1
60587	0
60590	1
60606	0
60616	1
60632	0
60643	1
60658	0
60669	1
60685	0
60694	1
60710	0
60721	1
60736	0
60748	1
60763	0
60773	1
60789	0
61218	1
61234	0
61245	1
61261	0
61272	1
61287	0
61297	1
61313	0
61324	1
61339	0
61354	1
61366	0
61377	1
61392	0
61402	1
61419	0
61429	1
61444	0
61454	1
61471	0
61480	1
61496	0
61507	1
61523	0
61533	1
61549	0
61559	1
61575	0
61586	1
61601	0
61612	1
61628	0
62058	1
62074	0
62084	1
62100	0
62110	1
62125	0
62137	1
62151	0
62162	1
62178	0
62189	1
62204	0
62215	1
62231	0
62241	1
62257	0
62268	1
62282	0
62294	1
62309	0
62320	1
62335	0
62346	1
62361	0
62372	1
62389	0
62399	1
62413	0
62425	1
62440	0
62451	1
62466	0
63735	1
63751	0
63761	1
63776	0
63787	1
63802	0
63814	1
63829	0
63840	1
63855	0
63866	1
63881	0
63893	1
63908	0
63918	1
63934	0
63944	1
63961	0
63971	1
63987	0
63997	1
64012	0
64023	1
64038	0
64050	1
64065	0
64076	1
64091	0
64102	1
64117	0
64129	1
64144	0
64574	1
64589	0
64599	1
64615	0
64625	1
64642	0
64652	1
64668	0
64678	1
64694	0
64704	1
64721	0
64731	1
64753	0
64757	1
64772	0
64783	1
64799	0
64810	1
64825	0
64836	1
64851	0
64862	1
64878	0
64888	1
64903	0
64914	1
64929	0
64941	1
64956	0
64967	1
64982	0
65412	1
65427	0
65438	1
65453	0
65465	1
65480	0
65491	1
65506	0
65517	1
65532	0
65544	1
65559	0
65570	1
65585	0
65595	1
65611	0
65649	1
65663	0
65674	1
65689	0
65701	1
65716	0
65727	1
65742	0
65753	1
65768	0
65780	1
65795	0
65805	1
65821	0
66251	1
66266	0
66277	1
66293	0
66303	1
66319	0
66330	1
66345	0
66355	1
66371	0
66381	1
66398	0
66408	1
66424	0
66434	1
66450	0
66460	1
66476	0
66486	1
66503	0
66513	1
66529	0
66539	1
66554	0
66565	1
66580	0
66592	1
66607	0
66618	1
66633	0
66644	1
66659	0
67089	1
67105	0
67115	1
67132	0
67142	1
67158	0
67168	1
67183	0
67194	1
67209	0
67221	1
67236	0
67247	1
67262	0
67273	1
67288	0
67300	1
67315	0
67326	1
67341	0
67351	1
67367	0
67377	1
67394	0
67404	1
67420	0
67430	1
67446	0
67456	1
67472	0
67482	1
67499	0
67929	1
67944	0
67954	1
67970	0
67980	1
67996	0
68006	1
68023	0
68033	1
68049	0
68059	1
68075	0
68085	1
68101	0
68111	1
68127	0
68138	1
68153	0
68164	1
68179	0
68190	1
68205	0
68217	1
68232	0
68243	1
68258	0
68269	1
68284	0
68295	1
68310	0
68321	1
68336	0
68767	1
68782	0
68792	1
68809	0
68821	1
68834	0
68846	1
68861	0
68872	1
68887	0
68898	1
68913	0
68925	1
68940	0
68949	1
68966	0
68976	1
68992	0
69002	1
69018	0
69028	1
69045	0
69055	1
69071	0
69081	1
69097	0
69107	1
69122	0
69134	1
69149	0
69160	1
69175	0
69606	1
69621	0
69632	1
69647	0
69657	1
69673	0
69683	1
69700	0
69710	1
69726	0
69736	1
69752	0
69762	1
69779	0
69789	1
69805	0
69815	1
69830	0
69841	1
69856	0
69868	1
69883	0
69894	1
69909	0
69920	1
69935	0
69947	1
69962	0
69972	1
69988	0
69998	1
70014	0
70444	1
70459	0
70470	1
70485	0
70497	1
70512	0
70523	1
70538	0
70549	1
70564	0
70574	1
70591	0
70601	1
70617	0
70627	1
70643	0
70653	1
70670	0
70680	1
70696	0
70706	1
70722	0
70732	1
70748	0
70758	1
70774	0
70785	1
70800	0
70811	1
70826	0
70837	1
70858	0
71283	1
71298	0
71309	1
71324	0
71335	1
71350	0
71362	1
71377	0
71387	1
71403	0
71413	1
71437	0
71439	1
71456	0
71466	1
71482	0
71492	1
71508	0
71518	1
71534	0
71545	1
71561	0
71571	1
71586	0
71597	1
71612	0
71623	1
71638	0
71650	1
71665	0
71676	1
71691	0
72121	1
72137	0
72147	1
72168	0
72173	1
72190	0
72200	1
72216	0
72226	1
72242	0
72252	1
72268	0
72278	1
72293	0
72305	1
72320	0
72331	1
72346	0
72357	1
72372	0
72384	1
72399	0
72410	1
72425	0
72436	1
72451	0
72461	1
72478	0
72488	1
72504	0
72514	1
72530	0
72960	1
72975	0
72987	1
73002	0
73012	1
73028	0
73038	1
73054	0
73064	1
73081	0
73091	1
73107	0
73117	1
73159	0
73169	1
73186	0
73196	1
73211	0
73222	1
73237	0
73247	1
73290	0
73300	1
73316	0
73326	1
73343	0
73353	1
73369	0
73798	1
73814	0
73825	1
73841	0
73851	1
73867	0
73877	1
73892	0
73903	1
73918	0
73930	1
73945	0
73956	1
73971	0
73982	1
73997	0
74009	1
74024	0
74035	1
74050	0
74060	1
74076	0
74086	1
74109	0
74114	1
74128	0
74139	1
74154	0
74165	1
74181	0
74192	1
74207	0
74638	1
74653	0
74663	1
74679	0
74689	1
74705	0
74715	1
74732	0
74742	1
74758	0
74768	1
74784	0
74794	1
74811	0
74821	1
74836	0
74849	1
74863	0
74872	1
74889	0
74899	1
74915	0
74925	1
74941	0
74951	1
74968	0
74978	1
74994	0
75004	1
75019	0
75030	1
75045	0
76314	1
76330	0
76340	1
76356	0
76366	1
76383	0
76393	1
76409	0
76419	1
76435	0
76445	1
76461	0
76471	1
76488	0
76498	1
76513	0
76524	1
76539	0
76550	1
76565	0
76577	1
76592	0
76603	1
76618	0
76629	1
76644	0
76656	1
76671	0
76681	1
76697	0
76707	1
76723	0
77992	1
78007	0
78018	1
78033	0
78044	1
78059	0
78071	1
78087	0
78097	1
78112	0
78123	1
78138	0
78149	1
78164	0
78175	1
78190	0
78202	1
78217	0
78228	1
78243	0
78253	1
78269	0
78279	1
78296	0
78306	1
78322	0
78332	1
78348	0
78358	1
78375	0
78385	1
78401	0
78830	1
78846	0
78856	1
78871	0
78883	1
78898	0
78909	1
78924	0
78935	1
78950	0
78962	1
78977	0
78988	1
79003	0
79014	1
79029	0
79039	1
79056	0
79066	1
79082	0
79092	1
79108	0
79118	1
79135	0
79145	1
79161	0
79171	1
79187	0
79197	1
79212	0
79223	1
79239	0
79669	1
79685	0
79695	1
79710	0
79721	1
79736	0
79748	1
79763	0
79774	1
79789	0
79799	1
79816	0
79826	1
79842	0
79852	1
79868	0
79878	1
79895	0
79905	1
79921	0
79931	1
79946	0
79957	1
79972	0
79984	1
79999	0
80010	1
80025	0
80036	1
80051	0
80062	1
80077	0
80507	1
80523	0
80533	1
80550	0
80560	1
80576	0
80586	1
80602	0
80612	1
80627	0
80639	1
80654	0
80665	1
80680	0
80701	1
80707	0
80717	1
80733	0
80743	1
80760	0
80770	1
80785	0
80796	1
80811	0
80822	1
80837	0
80848	1
80863	0
80875	1
80890	0
80901	1
80916	0
81345	1
81362	0
81372	1
81388	0
81398	1
81414	0
81424	1
81441	0
81451	1
81492	0
81504	1
81519	0
81530	1
81545	0
81556	1
81571	0
81581	1
81598	0
81608	1
81624	0
81634	1
81650	0
81660	1
81677	0
81687	1
81703	0
81713	1
81729	0
81739	1
81755	0
82184	1
82201	0
82211	1
82227	0
82237	1
82252	0
82263	1
82279	0
82290	1
82305	0
82316	1
82331	0
82341	1
82358	0
82368	1
82384	0
82394	1
82411	0
82421	1
82436	0
82447	1
82462	0
82473	1
82488	0
82500	1
82515	0
82525	1
82541	0
82551	1
82568	0
82578	1
82594	0
83023	1
83039	0
83049	1
83065	0
83075	1
83092	0
83102	1
83118	0
83128	1
83144	0
83154	1
83169	0
83181	1
83196	0
83207	1
83222	0
83233	1
83248	0
83260	1
83275	0
83286	1
83301	0
83312	1
83327	0
83337	1
83362	0
83363	1
83380	0
83391	1
83406	0
83416	1
83433	0
83862	1
83877	0
83888	1
83904	0
83914	1
83930	0
83941	1
83957	0
83966	1
83983	0
83993	1
84009	0
84020	1
84034	0
84046	1
84061	0
84071	1
84087	0
84098	1
84117	0
84124	1
84140	0
84150	1
84166	0
84176	1
84192	0
84202	1
84219	0
84229	1
84245	0
84255	1
84270	0
84701	1
84717	0
84727	1
84743	0
84754	1
84769	0
84779	1
84794	0
84806	1
84821	0
84832	1
84847	0
84858	1
84873	0
84883	1
84900	0
84910	1
84926	0
84936	1
84952	0
84962	1
84979	0
84989	1
85005	0
85015	1
85031	0
85041	1
85056	0
85068	1
85083	0
85094	1
85109	0
86377	1
86394	0
86404	1
86420	0
86431	1
86446	0
86457	1
86472	0
86482	1
86498	0
86509	1
86525	0
86535	1
86551	0
86561	1
86577	0
86587	1
86604	0
86614	1
86630	0
86640	1
86655	0
86666	1
86681	0
86693	1
86708	0
86719	1
86734	0
86745	1
86760	0
86772	1
86787	0
87217	1
87232	0
87243	1
87258	0
87269	1
87284	0
87296	1
87311	0
87321	1
87339	0
87348	1
87363	0
87374	1
87390	0
87400	1
87416	0
87427	1
87442	0
87452	1
87468	0
87478	1
87495	0
87505	1
87520	0
87531	1
87546	0
87557	1
87572	0
87584	1
87599	0
87610	1
87625	0
88055	1
88078	0
88081	1
88097	0
88107	1
88124	0
88134	1
88150	0
88160	1
88175	0
88186	1
88201	0
88213	1
88228	0
88239	1
88254	0
88265	1
88280	0
88292	1
88307	0
88318	1
88333	0
88343	1
88359	0
88369	1
88385	0
88395	1
88412	0
88422	1
88438	0
88448	1
88464	0
88894	1
88909	0
88921	1
88936	0
88946	1
88962	0
88972	1
88988	0
88998	1
89014	0
89024	1
89041	0
89051	1
89067	0
89077	1
89093	0
89103	1
89120	0
89130	1
89171	0
89182	1
89197	0
89209	1
89224	0
89235	1
89250	0
89260	1
89281	0
89287	1
89302	0
89733	1
89748	0
89759	1
89774	0
89785	1
89800	0
89812	1
89827	0
89838	1
89853	0
89863	1
89879	0
89889	1
89905	0
89915	1
89932	0
89942	1
89958	0
89968	1
89984	0
89997	1
90011	0
90021	1
90036	0
90047	1
90062	0
90073	1
90089	0
90100	1
90114	0
90126	1
90141	0
90571	1
90586	0
90598	1
90613	0
90624	1
90639	0
90649	1
90665	0
90675	1
90692	0
90702	1
90718	0
90728	1
90744	0
90755	1
90770	0
90781	1
90796	0
90806	1
90823	0
90833	1
90849	0
90859	1
90875	0
90885	1
90902	0
90912	1
90928	0
90938	1
90954	0
90964	1
90979	0
91410	1
91425	0
91436	1
91451	0
91461	1
91478	0
91488	1
91504	0
91514	1
91530	0
91540	1
91557	0
91567	1
91583	0
91593	1
91609	0
91619	1
91634	0
91646	1
91661	0
91672	1
91687	0
91698	1
91713	0
91725	1
91740	0
91751	1
91766	0
91777	1
91792	0
91802	1
91818	0
92248	1
92263	0
92275	1
92290	0
92301	1
92316	0
92327	1
92342	0
92354	1
92369	0
92380	1
92395	0
92405	1
92421	0
92431	1
92448	0
92458	1
92474	0
92484	1
92500	0
92510	1
92526	0
92536	1
92553	0
92563	1
92579	0
92589	1
92604	0
92622	1
92631	0
92642	1
92657	0
93087	1
93102	0
93113	1
93128	0
93140	1
93155	0
93166	1
93181	0
93192	1
93207	0
93219	1
93234	0
93244	1
93260	0
93270	1
93286	0
93296	1
93312	0
93322	1
93339	0
93349	1
93365	0
93376	1
93391	0
93401	1
93417	0
93427	1
93444	0
93454	1
93470	0
93480	1
93495	0
93933	1
93941	0
93952	1
93968	0
93979	1
93994	0
94004	1
94019	0
94030	1
94046	0
94056	1
94072	0
94082	1
94099	0
94109	1
94125	0
94135	1
94151	0
94161	1
94178	0
94188	1
94203	0
94214	1
94229	0
94240	1
94255	0
94267	1
94282	0
94293	1
94308	0
94319	1
94334	0
94764	1
94779	0
94791	1
94806	0
94817	1
94832	0
94843	1
94858	0
94870	1
94885	0
94895	1
94911	0
94921	1
94937	0
94947	1
94964	0
94974	1
94990	0
95000	1
95016	0
95026	1
95042	0
95052	1
95069	0
95079	1
95094	0
95105	1
95120	0
95131	1
95146	0
95158	1
95173	0
95603	1
95618	0
95628	1
95645	0
95655	1
95671	0
95681	1
95697	0
95707	1
95724	0
95734	1
95750	0
95760	1
95776	0
95786	1
95801	0
95813	1
95828	0
95839	1
95854	0
95865	1
95880	0
95891	1
95906	0
95918	1
95933	0
95944	1
95959	0
95969	1
95985	0
95995	1
96011	0
96442	1
96457	0
96468	1
96483	0
96494	1
96509	0
96521	1
96536	0
96546	1
96562	0
96576	1
96589	0
96599	1
96614	0
96625	1
96640	0
96651	1
96667	0
96678	1
96692	0
96704	1
96719	0
96730	1
96745	0
96756	1
96771	0
96783	1
96798	0
96809	1
96824	0
96834	1
96850	0
97280	1
97296	0
97307	1
97322	0
97333	1
97355	0
97359	1
97374	0
97385	1
97400	0
97412	1
97427	0
97438	1
97453	0
97463	1
97479	0
97489	1
97506	0
97516	1
97532	0
97542	1
97558	0
97568	1
97584	0
97594	1
97611	0
97621	1
97636	0
97647	1
97662	0
97673	1
97688	0
98118	1
98135	0
98145	1
98161	0
98171	1
98187	0
98197	1
98214	0
98224	1
98240	0
98250	1
98265	0
98276	1
98291	0
98302	1
98317	0
98329	1
98344	0
98355	1
98370	0
98381	1
98396	0
98406	1
98423	0
98433	1
98449	0
98459	1
98475	0
98485	1
98502	0
98512	1
98528	0
98957	1
98972	0
98984	1
98999	0
99010	1
99025	0
99036	1
99051	0
99063	1
99078	0
99089	1
99104	0
99114	1
99130	0
99140	1
99157	0
99167	1
99183	0
99193	1
99209	0
99219	1
99235	0
99246	1
99262	0
99271	1
99288	0
99298	1
99313	0
99324	1
99341	0
99351	1
99366	0
99796	1
99811	0
99823	1
99838	0
99848	1
99864	0
99874	1
99890	0
99900	1
99917	0
99927	1
99943	0
99953	1
99970	0
99980	1
99996	0
100006	1
100022	0
100032	1
100047	0
100058	1
100073	0
100084	1
100099	0
100111	1
100126	0
100137	1
100152	0
100163	1
100178	0
100190	1
100205	0
100635	1
100650	0
100660	1
100677	0
100687	1
100703	0
100713	1
100729	0
100739	1
100755	0
100766	1
100782	0
100792	1
100807	0
100818	1
100833	0
100844	1
100859	0
100871	1
100886	0
100897	1
100912	0
100923	1
100938	0
100950	1
100965	0
100975	1
100991	0
101001	1
101017	0
101027	1
101044	0
101473	1
101489	0
101499	1
101515	0
101526	1
101542	0
101552	1
101568	0
101578	1
101593	0
101604	1
101619	0
101631	1
101646	0
101657	1
101672	0
101683	1
101698	0
101710	1
101725	0
101736	1
101751	0
101761	1
101777	0
101787	1
101804	0
101814	1
101830	0
101840	1
101856	0
101867	1
101882	0
102312	1
102327	0
102338	1
102353	0
102365	1
102380	0
102391	1
102406	0
102417	1
102432	0
102443	1
102459	0
102469	1
102485	0
102495	1
102511	0
102521	1
102537	0
102547	1
102564	0
102574	1
102594	0
102601	1
102615	0
102627	1
102642	0
102653	1
102668	0
102679	1
102694	0
102704	1
102721	0
103150	1
103166	0
103177	1
103193	0
103202	1
103219	0
103230	1
103245	0
103256	1
103271	0
103282	1
103297	0
103307	1
103323	0
103333	1
103350	0
103360	1
103376	0
103386	1
103402	0
103412	1
103429	0
103439	1
103455	0
103465	1
103481	0
103491	1
103506	0
103518	1
103533	0
103544	1
103559	0
103989	1
104005	0
104015	1
104031	0
104042	1
104058	0
104068	1
104083	0
104094	1
104109	0
104120	1
104135	0
104147	1
104162	0
104173	1
104188	0
104199	1
104214	0
104226	1
104241	0
104251	1
104267	0
104277	1
104293	0
104303	1
104320	0
104330	1
104346	0
104356	1
104372	0
104382	1
104398	0
104827	1
104843	0
104853	1
104870	0
104880	1
104896	0
104906	1
104922	0
104932	1
104949	0
104959	1
104975	0
104985	1
105001	0
105011	1
105026	0
105038	1
105053	0
105064	1
105079	0
105090	1
105105	0
105116	1
105131	0
105153	1
105158	0
105169	1
105184	0
105195	1
105210	0
105224	1
105237	0
105666	1
105682	0
105692	1
105708	0
105718	1
105734	0
105746	1
105761	0
105771	1
105787	0
105797	1
105813	0
105823	1
105839	0
105860	1
105865	0
105876	1
105892	0
105902	1
105918	0
105929	1
105944	0
105955	1
105970	0
105981	1
105996	0
106007	1
106022	0
106034	1
106049	0
106060	1
106075	0
106505	1
106521	0
106531	1
106547	0
106557	1
106573	0
106583	1
106601	0
106610	1
106625	0
106636	1
106651	0
106663	1
106678	0
106689	1
106704	0
106714	1
106730	0
106740	1
106757	0
106767	1
106783	0
106793	1
106809	0
106819	1
106836	0
106846	1
106862	0
106872	1
106887	0
106898	1
106913	0
107343	1
107360	0
107370	1
107386	0
107396	1
107411	0
107422	1
107437	0
107449	1
107464	0
107475	1
107490	0
107501	1
107516	0
107528	1
107543	0
107553	1
107569	0
107579	1
107595	0
107605	1
107622	0
107632	1
107648	0
107658	1
107674	0
107684	1
107700	0
107710	1
107727	0
107737	1
107752	0
108182	1
108197	0
108209	1
108224	0
108235	1
108250	0
108261	1
108276	0
108288	1
108303	0
108314	1
108329	0
108340	1
108355	0
108365	1
108381	0
108391	1
108408	0
108418	1
108434	0
108444	1
108460	0
108475	1
108487	0
108496	1
108513	0
108523	1
108538	0
108549	1
108565	0
108575	1
108591	0
109020	1
109037	0
109047	1
109063	0
109073	1
109089	0
109099	1
109116	0
109126	1
109141	0
109152	1
109167	0
109178	1
109193	0
109205	1
109220	0
109231	1
109246	0
109257	1
109272	0
109283	1
109298	0
109310	1
109325	0
109336	1
109351	0
109362	1
109377	0
109387	1
109404	0
109414	1
109430	0
109860	1
109875	0
109886	1
109901	0
109911	1
109928	0
109938	1
109954	0
109964	1
109980	0
109990	1
110007	0
110017	1
110032	0
110043	1
110058	0
110070	1
110085	0
110096	1
110111	0
110121	1
110137	0
110147	1
110164	0
110174	1
110190	0
110200	1
110215	0
110227	1
110242	0
110253	1
110268	0
110699	1
110714	0
110725	1
110740	0
110751	1
110766	0
110777	1
110792	0
110802	1
110819	0
110829	1
110845	0
110855	1
110871	0
110881	1
110898	0
110908	1
110924	0
110934	1
110950	0
110960	1
110975	0
110986	1
111002	0
111013	1
111028	0
111039	1
111054	0
111065	1
111080	0
111091	1
111106	0
111537	1
111552	0
111563	1
111578	0
111590	1
111605	0
111616	1
111631	0
111642	1
111657	0
111667	1
111683	0
111693	1
111710	0
111720	1
111736	0
111746	1
111762	0
111772	1
111789	0
111799	1
111815	0
111830	1
111841	0
111851	1
111867	0
111877	1
111894	0
111904	1
111920	0
111930	1
111945	0
112376	1
112418	0
112427	1
112444	0
112454	1
112469	0
112480	1
112496	0
112506	1
112523	0
112533	1
112548	0
112559	1
112574	0
112585	1
112600	0
112612	1
112627	0
112638	1
112653	0
112664	1
112679	0
112690	1
112705	0
112715	1
112732	0
112742	1
112758	0
112768	1
112784	0
113214	1
113229	0
113241	1
113256	0
113293	1
113308	0
113319	1
113334	0
113346	1
113361	0
113372	1
113387	0
113397	1
113413	0
113423	1
113440	0
113450	1
113466	0
113476	1
113492	0
113502	1
113518	0
113528	1
113545	0
113555	1
113570	0
113581	1
113596	0
113607	1
113622	0
114053	1
114068	0
114079	1
114094	0
114106	1
114121	0
114132	1
114147	0
114157	1
114173	0
114183	1
114200	0
114210	1
114226	0
114236	1
114252	0
114262	1
114278	0
114289	1
114305	0
114315	1
114330	0
114341	1
114356	0
114367	1
114382	0
114394	1
114409	0
114420	1
114435	0
114446	1
114461	0
114891	1
114907	0
114917	1
114933	0
114943	1
114960	0
114970	1
114986	0
114996	1
115012	0
115022	1
115038	0
115054	1
115065	0
115074	1
115090	0
115101	1
115116	0
115127	1
115143	0
115153	1
115169	0
115180	1
115195	0
115206	1
115221	0
115233	1
115301	0
115730	1
115745	0
115756	1
115772	0
115783	1
115798	0
115808	1
115824	0
115834	1
115859	0
115861	1
115877	0
115887	1
115903	0
115913	1
115929	0
115940	1
115956	0
115966	1
115981	0
115992	1
116007	0
116018	1
116033	0
116045	1
116060	0
116071	1
116086	0
116097	1
116112	0
116124	1
116139	0
116569	1
116584	0
116595	1
116610	0
116621	1
116636	0
116648	1
116663	0
116674	1
116689	0
116699	1
116715	0
116725	1
116742	0
116752	1
116768	0
116778	1
116794	0
116804	1
116820	0
116831	1
116847	0
116857	1
116873	0
116883	1
116898	0
116909	1
116924	0
116936	1
116951	0
116962	1
116977	0
118246	1
118262	0
118272	1
118287	0
118298	1
118313	0
118325	1
118340	0
118351	1
118366	0
118377	1
118392	0
118404	1
118419	0
118430	1
118445	0
118455	1
118471	0
118481	1
118498	0
118508	1
118524	0
118534	1
118550	0
118560	1
118577	0
118587	1
118602	0
118613	1
118628	0
118639	1
118654	0
119084	1
119101	0
119110	1
119126	0
119136	1
119153	0
119163	1
119179	0
119189	1
119205	0
119215	1
119232	0
119242	1
119257	0
119268	1
119283	0
119294	1
119309	0
119321	1
119336	0
119347	1
119362	0
119373	1
119388	0
119400	1
119415	0
119425	1
119441	0
119451	1
119467	0
119477	1
119493	0
119923	1
119938	0
119949	1
119964	0
119976	1
119991	0
120002	1
120017	0
120028	1
120043	0
120055	1
120070	0
120081	1
120096	0
120106	1
120122	0
120132	1
120149	0
120159	1
120175	0
120185	1
120201	0
120211	1
120227	0
120237	1
120254	0
120264	1
120280	0
120290	1
120305	0
120316	1
120331	0
120762	1
120777	0
120788	1
120803	0
120815	1
120830	0
120840	1
120856	0
120866	1
120882	0
120892	1
120909	0
120919	1
120935	0
120945	1
120961	0
120971	1
120987	0
120997	1
121014	0
121024	1
121039	0
121050	1
121065	0
121076	1
121092	0
121102	1
121118	0
121129	1
121170	0
121600	1
121615	0
121627	1
121642	0
121653	1
121668	0
121679	1
121698	0
121706	1
121721	0
121732	1
121747	0
121758	1
121773	0
121783	1
121800	0
121810	1
121825	0
121836	1
121852	0
121863	1
121878	0
121888	1
121904	0
121915	1
121931	0
121941	1
121956	0
121968	1
121983	0
121994	1
122009	0
122440	1
122455	0
122465	1
122480	0
122491	1
122507	0
122518	1
122533	0
122544	1
122560	0
122570	1
122586	0
122596	1
122611	0
122623	1
122638	0
122649	1
122664	0
122674	1
122691	0
122701	1
122717	0
122727	1
122742	0
122754	1
122769	0
122780	1
122795	0
122805	1
122822	0
122832	1
122848	0
123278	1
123293	0
123304	1
123319	0
123330	1
123345	0
123357	1
123372	0
123383	1
123398	0
123408	1
123424	0
123434	1
123451	0
123461	1
123477	0
123487	1
123503	0
123513	1
123530	0
123540	1
123556	0
123566	1
123581	0
123592	1
123607	0
123618	1
123634	0
123645	1
123660	0
123671	1
123686	0
124116	1
124132	0
124142	1
124158	0
124168	1
124185	0
124195	1
124211	0
124221	1
124236	0
124247	1
124262	0
124274	1
124289	0
124300	1
124318	0
124325	1
124342	0
124352	1
124368	0
124378	1
124394	0
124404	1
124420	0
124430	1
124447	0
124457	1
124473	0
124483	1
124499	0
124509	1
124524	0
124955	1
124971	0
124981	1
124996	0
125007	1
125022	0
125034	1
125050	0
125060	1
125075	0
125085	1
125102	0
125112	1
125128	0
125138	1
125154	0
125164	1
125181	0
125191	1
125207	0
125217	1
125232	0
125270	1
125286	0
125296	1
125311	0
125322	1
125337	0
125348	1
125363	0
125794	1
125809	0
125819	1
125835	0
125845	1
125862	0
125872	1
125888	0
125898	1
125914	0
125924	1
125941	0
125951	1
125967	0
125977	1
125992	0
126003	1
126018	0
126030	1
126045	0
126056	1
126071	0
126082	1
126097	0
126108	1
126124	0
126135	1
126150	0
126160	1
126176	0
126186	1
126202	0
126632	1
126648	0
126658	1
126674	0
126684	1
126699	0
126711	1
126727	0
126737	1
126752	0
126763	1
126778	0
126790	1
126805	0
126816	1
126831	0
126842	1
126857	0
126868	1
126884	0
126894	1
126910	0
126920	1
126936	0
126946	1
126964	0
126973	1
126988	0
126999	1
127014	0
127025	1
127040	0
127471	1
127486	0
127497	1
127513	0
127523	1
127539	0
127549	1
127565	0
127575	1
127591	0
127601	1
127618	0
127628	1
127644	0
127654	1
127670	0
127680	1
127696	0
127706	1
127722	0
127733	1
127748	0
127760	1
127775	0
127785	1
127801	0
127811	1
127827	0
127837	1
127854	0
127864	1
127880	0
128309	1
128325	0
128336	1
128351	0
128362	1
128378	0
128388	1
128403	0
128414	1
128429	0
128441	1
128456	0
128467	1
128482	0
128493	1
128508	0
128520	1
128535	0
128545	1
128561	0
128571	1
128587	0
128597	1
128614	0
128624	1
128640	0
128650	1
128666	0
128676	1
128692	0
128702	1
128719	0
129161	1
129163	0
129174	1
129189	0
129201	1
129216	0
129227	1
129242	0
129253	1
129295	0
129305	1
129321	0
129332	1
129347	0
129358	1
129373	0
129384	1
129400	0
129410	1
129426	0
129436	1
129453	0
129463	1
129478	0
129489	1
129504	0
129516	1
129531	0
129541	1
129557	0
129986	1
130003	0
130013	1
130028	0
130039	1
130054	0
130065	1
130080	0
130092	1
130107	0
130118	1
130133	0
130144	1
130159	0
130171	1
130186	0
130196	1
130212	0
130222	1
130238	0
130248	1
130265	0
130275	1
130291	0
130301	1
130317	0
130327	1
130343	0
130354	1
130369	0
130379	1
130395	0
130825	1
130841	0
130851	1
130868	0
130878	1
130894	0
130904	1
130922	0
130930	1
130945	0
130956	1
130972	0
130983	1
130998	0
131009	1
131024	0
131035	1
131051	0
131061	1
131077	0
131087	1
131103	0
131113	1
131130	0
131140	1
131155	0
131166	1
131181	0
131192	1
131207	0
131219	1
131234	0
131664	1
131679	0
131691	1
131706	0
131717	1
131732	0
131742	1
131758	0
131768	1
131784	0
131795	1
131811	0
131821	1
131837	0
131847	1
131863	0
131873	1
131890	0
131900	1
131916	0
131926	1
131941	0
131952	1
131967	0
131979	1
131994	0
132005	1
132020	0
132031	1
132046	0
132058	1
132073	0
132502	1
132518	0
132528	1
132545	0
132555	1
132571	0
132581	1
132597	0
132607	1
132624	0
132634	1
132649	0
132660	1
132675	0
132686	1
132701	0
132713	1
132728	0
132739	1
132754	0
132765	1
132780	0
132791	1
132806	0
132816	1
132833	0
132843	1
132859	0
132869	1
132885	0
132895	1
132912	0
133341	1
133356	0
133368	1
133383	0
133394	1
133409	0
133420	1
133435	0
133446	1
133461	0
133473	1
133488	0
133499	1
133514	0
133524	1
133543	0
133551	1
133566	0
133577	1
133593	0
133604	1
133619	0
133630	1
133645	0
133655	1
133672	0
133682	1
133698	0
133708	1
133723	0
133734	1
133749	0
134180	1
134195	0
134207	1
134222	0
134233	1
134248	0
134258	1
134274	0
134284	1
134300	0
134310	1
134327	0
134337	1
134353	0
134363	1
134379	0
134389	1
134406	0
134416	1
134432	0
134442	1
134457	0
134468	1
134483	0
134494	1
134510	0
134521	1
134536	0
134547	1
134562	0
134573	1
134588	0
135018	1
135034	0
135045	1
135060	0
135071	1
135086	0
135097	1
135112	0
135124	1
135139	0
135150	1
135165	0
135176	1
135191	0
135201	1
135218	0
135228	1
135270	0
135280	1
135296	0
135306	1
135323	0
135333	1
135349	0
135359	1
135375	0
135385	1
135402	0
135412	1
135427	0
136695	1
136712	0
136722	1
136738	0
136748	1
136764	0
136774	1
136789	0
136801	1
136816	0
136827	1
136842	0
136853	1
136868	0
136880	1
136895	0
136906	1
136921	0
136932	1
136947	0
136958	1
136973	0
136984	1
136999	0
137011	1
137026	0
137037	1
137052	0
137063	1
137078	0
137088	1
137105	0
137541	1
137550	0
137560	1
137576	0
137587	1
137602	0
137613	1
137628	0
137639	1
137654	0
137666	1
137681	0
137691	1
137707	0
137717	1
137734	0
137744	1
137759	0
137770	1
137786	0
137797	1
137812	0
137822	1
137839	0
137849	1
137865	0
137875	1
137890	0
137902	1
137917	0
137928	1
137943	0
139211	1
139228	0
139238	1
139254	0
139264	1
139280	0
139290	1
139305	0
139317	1
139332	0
139343	1
139358	0
139369	1
139384	0
139395	1
139411	0
139421	1
139437	0
139447	1
139463	0
139473	1
139490	0
139500	1
139516	0
139526	1
139542	0
139552	1
139569	0
139579	1
139594	0
139604	1
139620	0
140051	1
140066	0
140077	1
140092	0
140103	1
140118	0
140128	1
140144	0
140158	1
140170	0
140181	1
140198	0
140207	1
140223	0
140234	1
140249	0
140260	1
140276	0
140286	1
140302	0
140312	1
140328	0
140338	1
140354	0
140364	1
140381	0
140391	1
140407	0
140417	1
140432	0
140443	1
140458	0
141727	1
141743	0
141753	1
141770	0
141780	1
141796	0
141806	1
141822	0
141832	1
141849	0
141859	1
141874	0
141885	1
141900	0
141911	1
141926	0
141937	1
141952	0
141964	1
141979	0
141990	1
142005	0
142016	1
142031	0
142041	1
142058	0
142068	1
142084	0
142094	1
142110	0
142120	1
142137	0
143405	1
143421	0
143431	1
143446	0
143457	1
143472	0
143484	1
143499	0
143509	1
143525	0
143535	1
143552	0
143562	1
143578	0
143588	1
143604	0
143614	1
143631	0
143641	1
143657	0
143667	1
143682	0
143693	1
143708	0
143719	1
143734	0
143746	1
143761	0
143772	1
143787	0
143798	1
143813	0
145082	1
145098	0
145108	1
145124	0
145134	1
145159	0
145161	1
145176	0
145187	1
145202	0
145214	1
145229	0
145266	1
145286	0
145292	1
145307	0
145317	1
145334	0
145344	1
145360	0
145370	1
145386	0
145396	1
145413	0
145423	1
145450	0
145452	1
145464	0
145475	1
145491	0
146760	1
146775	0
146786	1
146801	0
146812	1
146828	0
146839	1
146854	0
146864	1
146879	0
146891	1
146906	0
146917	1
146933	0
146943	1
146959	0
146969	1
146984	0
146996	1
147011	0
147022	1
147037	0
147047	1
147063	0
147073	1
147090	0
147100	1
147116	0
147126	1
147142	0
147152	1
147169	0
158523	1
158538	0
158549	1
158565	0
158576	1
158591	0
158602	1
158623	0
158629	1
158643	0
158654	1
158669	0
158680	1
158696	0
158707	1
158722	0
158733	1
158748	0
158759	1
158774	0
158786	1
158801	0
158812	1
158827	0
158837	1
158853	0
158863	1
158879	0
158889	1
158906	0
158916	1
158932	0
158942	1
158958	0
158968	1
158985	0
158995	1
159011	0
159021	1
159037	0
159047	1
159062	0
159074	1
159089	0
159100	1
159115	0
159126	1
159141	0
159152	1
159167	0
159179	1
159194	0
159204	1
159220	0
159230	1
159246	0
159256	1
159273	0
159283	1
159299	0
159309	1
159325	0
159335	1
159352	0
159363	1
159378	0
159388	1
159403	0
159415	1
159430	0
159441	1
159456	0
159466	1
159482	0
159492	1
159509	0
159519	1
159535	0
159545	1
159561	0
159571	1
159587	0
159597	1
159614	0
159624	1
159640	0
159650	1
159665	0
159676	1
159691	0
159703	1
159718	0
159729	1
159744	0
159755	1
159770	0
159781	1
159797	0
159807	1
159823	0
159833	1
159849	0
159859	1
159875	0
159885	1
159902	0
159912	1
159931	0
159938	1
159953	0
159965	1
159980	0
159991	1
160006	0
160017	1
160032	0
160042	1
160059	0
160069	1
160085	0
160095	1
160111	0
160121	1
160138	0
160148	1
160164	0
160174	1
160190	0
160200	1
160216	0
160226	1
160241	0
160253	1
160268	0
160279	1
160294	0
160305	1
160320	0
160332	1
160347	0
160358	1
160373	0
160384	1
160399	0
160409	1
160426	0
160436	1
160452	0
160462	1
160478	0
160488	1
160505	0
160515	1
160531	0
160541	1
160557	0
160567	1
160582	0
160594	1
160609	0
160620	1
160635	0
160646	1
160662	0
160672	1
160687	0
160699	1
160714	0
160725	1
160740	0
160751	1
160766	0
160776	1
160793	0
160803	1
160819	0
160829	1
160845	0
160855	1
160871	0
160881	1
160898	0
160908	1
160924	0
160934	1
160950	0
160960	1
160975	0
160987	1
161002	0
161013	1
161028	0
161039	1
161054	0
161066	1
161081	0
161092	1
161107	0
161117	1
161133	0
161166	1
161167	0
161170	1
161185	0
161196	1
161212	0
161223	1
161238	0
161255	1
161265	0
161288	1
161290	0
161301	1
161317	0
161327	1
161343	0
161354	1
161369	0
161380	1
161395	0
161406	1
161421	0
161432	1
161447	0
161459	1
161474	0
161485	1
161500	0
161511	1
161526	0
161536	1
161553	0
161563	1
161579	0
161589	1
161605	0
161615	1
161631	0
161641	1
161658	0
161668	1
161684	0
161694	1
161709	0
161720	1
161735	0
161747	1
161762	0
161773	1
161788	0
161799	1
161814	0
161826	1
161841	0
161851	1
161867	0
163555	1
163570	0
163581	1
163596	0
163608	1
163623	0
163634	1
163649	0
163659	1
163675	0
163685	1
163702	0
163712	1
163728	0
163738	1
163754	0
163764	1
163781	0
163791	1
163807	0
163817	1
163833	0
163843	1
163858	0
163869	1
163889	0
163896	1
163911	0
163922	1
163938	0
163949	1
163964	0
165232	1
165274	0
165285	1
165300	0
165311	1
165326	0
165337	1
165352	0
165362	1
165379	0
165389	1
165405	0
165415	1
165432	0
165442	1
165458	0
165468	1
165484	0
165494	1
165510	0
165520	1
165535	0
165547	1
165562	0
165573	1
165588	0
165599	1
165614	0
165626	1
165641	0
166909	1
166925	0
166935	1
166952	0
166962	1
166978	0
166988	1
167004	0
167014	1
167029	0
167041	1
167056	0
167067	1
167082	0
167092	1
167108	0
167118	1
167135	0
167145	1
167161	0
167171	1
167187	0
167197	1
167214	0
167224	1
167240	0
167250	1
167266	0
167279	1
167292	0
167303	1
167318	0
167747	1
167764	0
167774	1
167790	0
167800	1
167816	0
167826	1
167847	0
167853	1
167868	0
167879	1
167894	0
167905	1
167921	0
167932	1
167947	0
167958	1
167973	0
167984	1
167999	0
168010	1
168025	0
168037	1
168052	0
168063	1
168078	0
168088	1
168104	0
168114	1
168131	0
168141	1
168157	0
168587	1
168602	0
168612	1
168629	0
168639	1
168655	0
168665	1
168681	0
168691	1
168707	0
168717	1
168734	0
168744	1
168760	0
168770	1
168786	0
168796	1
168811	0
168823	1
168838	0
168849	1
168864	0
168875	1
168890	0
168901	1
168917	0
168928	1
168943	0
168954	1
168969	0
168979	1
168995	0
169425	1
169441	0
169452	1
169467	0
169478	1
169493	0
169504	1
169519	0
169529	1
169546	0
169556	1
169572	0
169582	1
169598	0
169608	1
169625	0
169635	1
169651	0
169661	1
169677	0
169687	1
169704	0
169714	1
169729	0
169740	1
169755	0
169766	1
169781	0
169792	1
169807	0
169819	1
169834	0
171102	1
171118	0
171129	1
171145	0
171155	1
171171	0
171181	1
171196	0
171207	1
171222	0
171233	1
171249	0
171259	1
171276	0
171286	1
171302	0
171312	1
171328	0
171338	1
171354	0
171364	1
171381	0
171391	1
171406	0
171417	1
171432	0
171443	1
171458	0
171470	1
171485	0
171496	1
171511	0
171941	1
171957	0
171967	1
171984	0
171994	1
172009	0
172020	1
172035	0
172046	1
172061	0
172072	1
172087	0
172099	1
172114	0
172125	1
172140	0
172151	1
172166	0
172176	1
172193	0
172203	1
172219	0
172229	1
172245	0
172255	1
172272	0
172282	1
172298	0
172308	1
172324	0
172334	1
172350	0
172780	1
172795	0
172807	1
172822	0
172832	1
172848	0
172858	1
172874	0
172884	1
172900	0
172910	1
172927	0
172937	1
172953	0
172963	1
172979	0
172989	1
173006	0
173016	1
173031	0
173042	1
173057	0
173068	1
173083	0
173095	1
173110	0
173120	1
173136	0
173147	1
173162	0
173173	1
173188	0
174484	1
174499	0
174509	1
174525	0
174535	1
174551	0
174561	1
174578	0
174588	1
174604	0
174614	1
174630	0
174640	1
174657	0
174667	1
174682	0
174693	1
174708	0
174719	1
174734	0
174746	1
174761	0
174772	1
174787	0
174798	1
174813	0
174824	1
174839	0
174849	1
174866	0
176134	1
176149	0
176161	1
176176	0
176187	1
176202	0
176213	1
176228	0
176240	1
176255	0
176266	1
176281	0
176291	1
176307	0
176317	1
176334	0
176344	1
176360	0
176370	1
176386	0
176396	1
176412	0
176422	1
176439	0
176449	1
176464	0
176475	1
176490	0
176501	1
176517	0
176528	1
176543	0
176973	1
176989	0
176999	1
177015	0
177025	1
177042	0
177052	1
177067	0
177078	1
177093	0
177104	1
177120	0
177130	1
177174	0
177182	1
177199	0
177209	1
177224	0
177235	1
177250	0
177261	1
177303	0
177314	1
177329	0
177340	1
177355	0
177366	1
177382	0
178650	1
178666	0
178676	1
178693	0
178703	1
178719	0
178729	1
178744	0
178755	1
178770	0
178782	1
178797	0
178808	1
178823	0
178834	1
178849	0
178859	1
178875	0
178885	1
178902	0
178912	1
178928	0
178938	1
178954	0
178964	1
178981	0
178991	1
179007	0
179017	1
179032	0
179043	1
179058	0
179489	1
179504	0
179515	1
179530	0
179542	1
179557	0
179568	1
179583	0
179593	1
179609	0
179619	1
179636	0
179646	1
179662	0
179672	1
179688	0
179698	1
179715	0
179725	1
179741	0
179751	1
179766	0
179782	1
179793	0
179803	1
179819	0
179829	1
179845	0
179856	1
179871	0
179882	1
179897	0
180328	1
180343	0
180354	1
180369	0
180379	1
180395	0
180405	1
180422	0
180432	1
180448	0
180458	1
180474	0
180484	1
180501	0
180513	1
180526	0
180537	1
180552	0
180563	1
180578	0
180590	1
180605	0
180616	1
180631	0
180642	1
180657	0
180669	1
180684	0
180695	1
180710	0
180721	1
180736	0
182005	1
182020	0
182031	1
182046	0
182057	1
182072	0
182084	1
182099	0
182110	1
182125	0
182135	1
182151	0
182161	1
182178	0
182188	1
182204	0
182214	1
182230	0
182240	1
182257	0
182267	1
182283	0
182293	1
182309	0
182319	1
182334	0
182345	1
182360	0
182379	1
182387	0
182398	1
182413	0
183690	1
183698	0
183709	1
183724	0
183734	1
183751	0
183760	1
183776	0
183787	1
183802	0
183813	1
183828	0
183839	1
183854	0
183866	1
183881	0
183892	1
183907	0
183918	1
183933	0
183943	1
183960	0
183970	1
183986	0
183996	1
184012	0
184022	1
184039	0
184049	1
184065	0
184075	1
184091	0
184521	1
184536	0
184547	1
184562	0
184574	1
184589	0
184599	1
184615	0
184625	1
184641	0
184651	1
184668	0
184678	1
184694	0
184704	1
184720	0
184730	1
184746	0
184756	1
184771	0
184783	1
184798	0
184809	1
184824	0
184835	1
184850	0
184862	1
184877	0
184888	1
184903	0
184914	1
184929	0
186198	1
186213	0
186224	1
186239	0
186251	1
186266	0
186276	1
186292	0
186302	1
186318	0
186328	1
186345	0
186355	1
186379	0
186381	1
186397	0
186407	1
186423	0
186433	1
186450	0
186460	1
186476	0
186486	1
186502	0
186512	1
186527	0
186539	1
186554	0
186565	1
186580	0
186591	1
186606	0
187875	1
187891	0
187901	1
187917	0
187927	1
187943	0
187953	1
187970	0
187980	1
187996	0
188006	1
188022	0
188032	1
188047	0
188059	1
188074	0
188085	1
188100	0
188111	1
188126	0
188138	1
188153	0
188164	1
188179	0
188190	1
188205	0
188215	1
188231	0
188241	1
188258	0
188268	1
188284	0
188713	1
188730	0
188740	1
188756	0
188766	1
188782	0
188792	1
188807	0
188819	1
188834	0
188845	1
188860	0
188871	1
188886	0
188898	1
188913	0
188924	1
188939	0
188949	1
188965	0
188975	1
188992	0
189002	1
189017	0
189028	1
189043	0
189054	1
189070	0
189081	1
189096	0
189106	1
189123	0
189553	1
189568	0
189579	1
189594	0
189605	1
189620	0
189630	1
189647	0
189657	1
189673	0
189683	1
189700	0
189710	1
189728	0
189736	1
189752	0
189762	1
189778	0
189788	1
189804	0
189814	1
189830	0
189840	1
189857	0
189867	1
189883	0
189893	1
189908	0
189919	1
189934	0
189946	1
189961	0
191229	1
191246	0
191256	1
191272	0
191282	1
191297	0
191308	1
191323	0
191335	1
191350	0
191361	1
191376	0
191387	1
191402	0
191414	1
191429	0
191439	1
191455	0
191465	1
191481	0
191491	1
191508	0
191518	1
191533	0
191544	1
191560	0
191570	1
191586	0
191604	1
191613	0
191623	1
191638	0
192069	1
192084	0
192094	1
192110	0
192120	1
192136	0
192146	1
192163	0
192173	1
192189	0
192199	1
192215	0
192225	1
192242	0
192252	1
192268	0
192278	1
192293	0
192304	1
192319	0
192331	1
192346	0
192357	1
192373	0
192383	1
192399	0
192409	1
192424	0
192435	1
192450	0
192462	1
192477	0
192920	1
192923	0
192933	1
192949	0
192960	1
192975	0
192985	1
193002	0
193011	1
193027	0
193038	1
193054	0
193064	1
193080	0
193090	1
193105	0
193117	1
193132	0
193143	1
193169	0
193170	1
193184	0
193196	1
193211	0
193221	1
193237	0
193247	1
193264	0
193274	1
193290	0
193300	1
193316	0
194584	1
194599	0
194611	1
194626	0
194637	1
194652	0
194663	1
194678	0
194688	1
194705	0
194715	1
194731	0
194741	1
194757	0
194767	1
194783	0
194793	1
194810	0
194820	1
194836	0
194846	1
194862	0
194872	1
194887	0
194899	1
194914	0
194925	1
194940	0
194951	1
194966	0
194978	1
194993	0
195423	1
195438	0
195449	1
195465	0
195475	1
195491	0
195501	1
195517	0
195527	1
195543	0
195553	1
195570	0
195580	1
195596	0
195606	1
195626	0
195633	1
195648	0
195659	1
195674	0
195685	1
195701	0
195711	1
195727	0
195738	1
195753	0
195763	1
195779	0
195789	1
195806	0
195816	1
195832	0
196262	1
196277	0
196288	1
196303	0
196314	1
196329	0
196341	1
196356	0
196369	1
196383	0
196393	1
196408	0
196419	1
196434	0
196444	1
196461	0
196471	1
196487	0
196497	1
196513	0
196523	1
196539	0
196549	1
196566	0
196576	1
196592	0
196602	1
196618	0
196628	1
196643	0
196655	1
196670	0
197100	1
197115	0
197126	1
197141	0
197153	1
197168	0
197179	1
197194	0
197205	1
197220	0
197232	1
197247	0
197257	1
197273	0
197283	1
197299	0
197309	1
197326	0
197336	1
197352	0
197362	1
197378	0
197388	1
197404	0
197414	1
197431	0
197441	1
197456	0
197467	1
197482	0
197493	1
197508	0
197938	1
197955	0
197965	1
197981	0
197991	1
198006	0
198017	1
198032	0
198044	1
198059	0
198070	1
198085	0
198096	1
198111	0
198123	1
198138	0
198149	1
198164	0
198174	1
198190	0
198200	1
198216	0
198226	1
198242	0
198253	1
198268	0
198279	1
198295	0
198306	1
198321	0
198332	1
198347	0
198777	1
198792	0
198804	1
198819	0
198830	1
198845	0
198856	1
198871	0
198883	1
198898	0
198909	1
198924	0
198934	1
198950	0
198960	1
198984	0
198986	1
199003	0
199013	1
199029	0
199039	1
199055	0
199065	1
199080	0
199091	1
199108	0
199118	1
199134	0
199144	1
199160	0
199170	1
199185	0
199616	1
199632	0
199643	1
199657	0
199668	1
199684	0
199695	1
199710	0
199721	1
199737	0
199747	1
199763	0
199787	1
199789	0
199800	1
199815	0
199826	1
199906	0
199908	1
199919	0
199930	1
199946	0
199957	1
199972	0
199983	1
199998	0
200008	1
200025	0
200455	1
200470	0
200481	1
200496	0
200506	1
200523	0
200533	1
200549	0
200559	1
200575	0
200596	1
200602	0
200611	1
200628	0
200638	1
200654	0
200664	1
200680	0
200690	1
200705	0
200717	1
200732	0
200743	1
200758	0
200769	1
200784	0
200796	1
200811	0
200822	1
200837	0
200847	1
200863	0
201296	1
201308	0
201320	1
201335	0
201346	1
201361	0
201372	1
201387	0
201399	1
201414	0
201424	1
201440	0
201450	1
201466	0
201476	1
201493	0
201503	1
201519	0
201529	1
201545	0
201555	1
201571	0
201581	1
201597	0
201608	1
201623	0
201634	1
201649	0
201660	1
201675	0
201687	1
201702	0
202131	1
202148	0
202158	1
202174	0
202184	1
202200	0
202210	1
202226	0
202236	1
202253	0
202263	1
202278	0
202289	1
202304	0
202315	1
202330	0
202342	1
202357	0
202368	1
202383	0
202394	1
202409	0
202421	1
202436	0
202446	1
202462	0
202472	1
202488	0
202525	1
202540	0
202970	1
202986	0
202996	1
203012	0
203022	1
203039	0
203049	1
203065	0
203075	1
203091	0
203101	1
203118	0
203128	1
203144	0
203154	1
203169	0
203180	1
203195	0
203206	1
203222	0
203233	1
203255	0
203259	1
203275	0
203285	1
203301	0
203311	1
203326	0
203337	1
203352	0
203364	1
203379	0
203809	1
203825	0
203836	1
203851	0
203862	1
203877	0
203887	1
203904	0
203914	1
203929	0
203940	1
203956	0
203966	1
203982	0
203992	1
204009	0
204019	1
204035	0
204045	1
204060	0
204071	1
204086	0
204098	1
204113	0
204124	1
204139	0
204150	1
204165	0
204175	1
204192	0
204202	1
204218	0
204648	1
204664	0
204674	1
204689	0
204700	1
204715	0
204727	1
204742	0
204753	1
204768	0
204779	1
204794	0
204805	1
204820	0
204832	1
204847	0
204857	1
204873	0
204883	1
204899	0
204909	1
204926	0
204936	1
204952	0
204962	1
204978	0
204988	1
205003	0
205015	1
205030	0
205041	1
205056	0
205486	1
205501	0
205513	1
205528	0
205539	1
205554	0
205565	1
205580	0
205592	1
205607	0
205618	1
205633	0
205643	1
205659	0
205669	1
205686	0
205696	1
205712	0
205722	1
205738	0
205748	1
205764	0
205774	1
205791	0
205801	1
205816	0
205827	1
205842	0
205853	1
205868	0
205880	1
205895	0
206325	1
206340	0
206352	1
206367	0
206377	1
206393	0
206404	1
206419	0
206430	1
206445	0
206456	1
206472	0
206482	1
206498	0
206509	1
206524	0
206535	1
206551	0
206560	1
206577	0
206588	1
206602	0
206613	1
206629	0
206639	1
206655	0
206665	1
206682	0
206692	1
206708	0
206718	1
206734	0
207164	1
207179	0
207190	1
207205	0
207216	1
207235	0
207242	1
207258	0
207268	1
207284	0
207294	1
207311	0
207321	1
207337	0
207347	1
207363	0
207373	1
207389	0
207399	1
207414	0
207426	1
207441	0
207452	1
207467	0
207478	1
207493	0
207505	1
207520	0
207531	1
207546	0
207557	1
207572	0
208002	1
208018	0
208028	1
208045	0
208055	1
208070	0
208081	1
208096	0
208107	1
208122	0
208133	1
208149	0
208160	1
208175	0
208186	1
208201	0
208212	1
208227	0
208239	1
208254	0
208264	1
208280	0
208290	1
208306	0
208316	1
208333	0
208343	1
208359	0
208369	1
208384	0
208395	1
208411	0
208841	1
208856	0
208868	1
208883	0
208893	1
208909	0
208919	1
208935	0
208945	1
208962	0
208972	1
208988	0
208998	1
209014	0
209024	1
209040	0
209050	1
209065	0
209077	1
209092	0
209109	1
209119	0
209130	1
209145	0
209182	1
209197	0
209208	1
209223	0
209234	1
209249	0
209680	1
209695	0
209705	1
209721	0
209731	1
209748	0
209758	1
209774	0
209784	1
209800	0
209810	1
209827	0
209837	1
209853	0
209863	1
209878	0
209891	1
209904	0
209915	1
209931	0
209941	1
209958	0
209968	1
209984	0
209994	1
210009	0
210020	1
210035	0
210047	1
210062	0
210073	1
210088	0
210518	1
210533	0
210544	1
210560	0
210571	1
210586	0
210597	1
210612	0
210622	1
210639	0
210649	1
210665	0
210675	1
210691	0
210701	1
210718	0
210728	1
210744	0
210754	1
210770	0
210780	1
210795	0
210806	1
210821	0
210833	1
210848	0
210859	1
210874	0
210885	1
210900	0
210912	1
210927	0
211356	1
211373	0
211383	1
211399	0
211409	1
211425	0
211435	1
211452	0
211462	1
211477	0
211488	1
211503	0
211514	1
211529	0
211540	1
211555	0
211567	1
211582	0
211593	1
211608	0
211618	1
211634	0
211644	1
211661	0
211671	1
211687	0
211697	1
211713	0
211723	1
211740	0
211750	1
211777	0
213034	1
213049	0
213060	1
213082	0
213087	1
213101	0
213112	1
213129	0
213139	1
213154	0
213165	1
213180	0
213191	1
213207	0
213217	1
213233	0
213244	1
213259	0
213270	1
213285	0
213296	1
213311	0
213323	1
213338	0
213349	1
213364	0
213374	1
213390	0
213400	1
213417	0
213427	1
213443	0
213872	1
213888	0
213898	1
213915	0
213925	1
213941	0
213951	1
213967	0
213977	1
213992	0
214004	1
214019	0
214030	1
214045	0
214056	1
214071	0
214083	1
214098	0
214109	1
214124	0
214135	1
214150	0
214160	1
214177	0
214187	1
214203	0
214213	1
214229	0
214239	1
214255	0
214265	1
214282	0
214711	1
214727	0
214737	1
214753	0
214763	1
214780	0
214790	1
214806	0
214816	1
214832	0
214842	1
214858	0
214868	1
214885	0
214895	1
214910	0
214921	1
214936	0
214947	1
214962	0
214974	1
214989	0
215000	1
215015	0
215026	1
215041	0
215051	1
215068	0
215078	1
215094	0
215104	1
215133	0
215550	1
215565	0
215576	1
215591	0
215603	1
215618	0
215629	1
215644	0
215655	1
215670	0
215680	1
215697	0
215707	1
215723	0
215739	1
215749	0
215759	1
215776	0
215785	1
215801	0
215812	1
215827	0
215838	1
215854	0
215864	1
215880	0
215890	1
215907	0
215917	1
215933	0
215943	1
215959	0
216389	1
216404	0
216415	1
216430	0
216441	1
216456	0
216468	1
216483	0
216494	1
216509	0
216519	1
216535	0
216545	1
216562	0
216572	1
216588	0
216598	1
216614	0
216624	1
216640	0
216650	1
216667	0
216677	1
216693	0
216703	1
216718	0
216729	1
216744	0
216756	1
216771	0
216782	1
216797	0
217228	1
217243	0
217254	1
217269	0
217306	1
217321	0
217332	1
217347	0
217358	1
217374	0
217385	1
217400	0
217411	1
217426	0
217437	1
217452	0
217462	1
217479	0
217489	1
217505	0
217515	1
217531	0
217541	1
217558	0
217568	1
217584	0
217594	1
217610	0
217620	1
217635	0
218905	1
218920	0
218931	1
218946	0
218957	1
218972	0
218984	1
218999	0
219010	1
219025	0
219035	1
219051	0
219061	1
219077	0
219087	1
219104	0
219114	1
219133	0
219140	1
219156	0
219166	1
219182	0
219192	1
219209	0
219219	1
219235	0
219245	1
219261	0
219271	1
219286	0
219298	1
219313	0
219742	1
219759	0
219770	1
219784	0
219795	1
219811	0
219821	1
219838	0
219848	1
219864	0
219874	1
219889	0
219900	1
219915	0
219927	1
219942	0
219953	1
219968	0
219979	1
219994	0
220005	1
220021	0
220032	1
220047	0
220058	1
220073	0
220083	1
220099	0
220109	1
220126	0
220136	1
220152	0
220582	1
220597	0
220607	1
220624	0
220634	1
220650	0
220660	1
220676	0
220686	1
220702	0
220712	1
220729	0
220739	1
220755	0
220765	1
220781	0
220791	1
220806	0
220818	1
220833	0
220844	1
220859	0
220870	1
220885	0
220897	1
220912	0
220923	1
220938	0
220949	1
220964	0
220974	1
220990	0
222259	1
222274	0
222286	1
222301	0
222311	1
222327	0
222338	1
222354	0
222363	1
222380	0
222390	1
222405	0
222416	1
222432	0
222443	1
222458	0
222469	1
222484	0
222495	1
222510	0
222522	1
222537	0
222547	1
222563	0
222573	1
222589	0
222599	1
222615	0
222625	1
222642	0
222652	1
222668	0
223098	1
223113	0
223124	1
223139	0
223149	1
223166	0
223176	1
223192	0
223202	1
223218	0
223228	1
223244	0
223254	1
223271	0
223281	1
223297	0
223307	1
223323	0
223333	1
223348	0
223360	1
223375	0
223386	1
223401	0
223412	1
223427	0
223439	1
223454	0
223465	1
223480	0
223491	1
223506	0
223936	1
223951	0
223963	1
223978	0
223989	1
224004	0
224015	1
224030	0
224042	1
224057	0
224067	1
224083	0
224093	1
224109	0
224119	1
224136	0
224146	1
224162	0
224172	1
224188	0
224198	1
224214	0
224224	1
224239	0
224251	1
224266	0
224277	1
224292	0
224303	1
224318	0
224330	1
224345	0
224774	1
224791	0
224801	1
224817	0
224827	1
224843	0
224853	1
224870	0
224880	1
224896	0
224906	1
224921	0
224932	1
224948	0
224958	1
224974	0
224985	1
225000	0
225011	1
225027	0
225037	1
225053	0
225063	1
225078	0
225089	1
225104	0
225116	1
225131	0
225142	1
225183	0
225614	1
225629	0
225640	1
225655	0
225665	1
225682	0
225692	1
225708	0
225718	1
225760	0
225770	1
225786	0
225796	1
225813	0
225823	1
225839	0
225849	1
225865	0
225875	1
225892	0
225902	1
225918	0
225928	1
225943	0
225954	1
225969	0
225981	1
225996	0
226007	1
226022	0
226452	1
226467	0
226478	1
226493	0
226505	1
226520	0
226531	1
226546	0
226557	1
226572	0
226584	1
226599	0
226610	1
226625	0
226636	1
226651	0
226661	1
226677	0
226687	1
226704	0
226714	1
226730	0
226740	1
226756	0
226766	1
226783	0
226793	1
226809	0
226819	1
226834	0
226845	1
226860	0
227294	1
227306	0
227316	1
227333	0
227343	1
227359	0
227369	1
227384	0
227396	1
227411	0
227422	1
227437	0
227448	1
227463	0
227474	1
227490	0
227500	1
227516	0
227526	1
227543	0
227553	1
227568	0
227579	1
227594	0
227606	1
227621	0
227632	1
227647	0
227658	1
227673	0
227683	1
227699	0
228129	1
228145	0
228155	1
228172	0
228182	1
228198	0
228208	1
228223	0
228234	1
228249	0
228261	1
228276	0
228287	1
228302	0
228313	1
228328	0
228339	1
228355	0
228365	1
228381	0
228391	1
228408	0
228418	1
228433	0
228444	1
228459	0
228470	1
228485	0
228496	1
228512	0
228523	1
228538	0
228968	1
228983	0
228995	1
229010	0
229021	1
229036	0
229046	1
229062	0
229072	1
229089	0
229099	1
229115	0
229125	1
229141	0
229151	1
229167	0
229177	1
229194	0
229204	1
229220	0
229230	1
229245	0
229256	1
229271	0
229283	1
229298	0
229309	1
229324	0
229335	1
229350	0
229362	1
229377	0
229807	1
229822	0
229833	1
229848	0
229859	1
229875	0
229886	1
229901	0
229911	1
229927	0
229937	1
229953	0
229963	1
229980	0
229990	1
230006	0
230016	1
230032	0
230042	1
230057	0
230069	1
230084	0
230095	1
230110	0
230121	1
230136	0
230148	1
230163	0
230174	1
230189	0
230200	1
230215	0
230645	1
230660	0
230672	1
230687	0
230698	1
230713	0
230724	1
230739	0
230751	1
230766	0
230776	1
230792	0
230802	1
230818	0
230828	1
230845	0
230855	1
230871	0
230881	1
230897	0
230907	1
230923	0
230934	1
230949	0
230960	1
230975	0
230992	1
231002	0
231012	1
231027	0
231038	1
231054	0
231484	1
231499	0
231511	1
231526	0
231537	1
231560	0
231562	1
231579	0
231588	1
231604	0
231615	1
231630	0
231641	1
231657	0
231667	1
231683	0
231694	1
231709	0
231719	1
231735	0
231745	1
231762	0
231772	1
231788	0
231798	1
231814	0
231824	1
231841	0
231851	1
231867	0
231877	1
231893	0
232323	1
232338	0
232349	1
232364	0
232374	1
232391	0
232401	1
232417	0
232427	1
232443	0
232453	1
232469	0
232479	1
232496	0
232506	1
232522	0
232532	1
232547	0
232558	1
232573	0
232585	1
232600	0
232611	1
232626	0
232637	1
232652	0
232664	1
232679	0
232690	1
232705	0
232715	1
232731	0
233169	1
233176	0
233188	1
233203	0
233214	1
233229	0
233240	1
233255	0
233265	1
233307	0
233318	1
233333	0
233345	1
233360	0
233371	1
233386	0
233397	1
233412	0
233424	1
233439	0
233450	1
233465	0
233475	1
233491	0
233501	1
233518	0
233528	1
233544	0
233554	1
233570	0
234838	1
234853	0
234865	1
234880	0
234891	1
234906	0
234917	1
234932	0
234949	1
234959	0
234969	1
234985	0
234995	1
235012	0
235022	1
235038	0
235048	1
235064	0
235074	1
235090	0
235100	1
235115	0
235127	1
235142	0
235153	1
235168	0
235179	1
235194	0
235206	1
235221	0
235232	1
235272	0
236516	1
236531	0
236542	1
236557	0
236569	1
236584	0
236594	1
236610	0
236620	1
236636	0
236646	1
236663	0
236673	1
236689	0
236699	1
236715	0
236725	1
236742	0
236752	1
236767	0
236778	1
236793	0
236804	1
236819	0
236830	1
236845	0
236857	1
236872	0
236883	1
236898	0
236909	1
236925	0
237354	1
237370	0
237380	1
237396	0
237406	1
237423	0
237433	1
237449	0
237459	1
237475	0
237485	1
237501	0
237511	1
237527	0
237538	1
237553	0
237564	1
237579	0
237591	1
237611	0
237616	1
237632	0
237642	1
237659	0
237669	1
237685	0
237695	1
237711	0
237721	1
237736	0
237747	1
237762	0
238193	1
238208	0
238219	1
238235	0
238246	1
238261	0
238271	1
238287	0
238297	1
238314	0
238324	1
238340	0
238350	1
238366	0
238376	1
238391	0
238403	1
238418	0
238429	1
238444	0
238456	1
238471	0
238481	1
238497	0
238507	1
238523	0
238533	1
238550	0
238560	1
238575	0
238586	1
238601	0
239031	1
239048	0
239058	1
239073	0
239084	1
239099	0
239110	1
239125	0
239137	1
239152	0
239163	1
239178	0
239189	1
239204	0
239216	1
239231	0
239241	1
239257	0
239267	1
239283	0
239293	1
239309	0
239319	1
239336	0
239346	1
239362	0
239372	1
239388	0
239398	1
239415	0
239425	1
239440	0
239870	1
239886	0
239896	1
239913	0
239923	1
239939	0
239949	1
239964	0
239975	1
239990	0
240001	1
240016	0
240028	1
240043	0
240054	1
240069	0
240080	1
240095	0
240105	1
240122	0
240132	1
240148	0
240158	1
240174	0
240184	1
240201	0
240211	1
240228	0
240238	1
240253	0
240263	1
240280	0
240709	1
240724	0
240735	1
240750	0
240762	1
240777	0
240795	1
240803	0
240814	1
240829	0
240840	1
240856	0
240866	1
240882	0
240893	1
240908	0
240919	1
240934	0
240945	1
240960	0
240971	1
240986	0
240996	1
241013	0
241023	1
241039	0
241049	1
241065	0
241075	1
241092	0
241102	1
241118	0
241548	1
241563	0
241578	1
241590	0
241600	1
241615	0
241625	1
241642	0
241652	1
241668	0
241678	1
241694	0
241704	1
241721	0
241731	1
241747	0
241757	1
241773	0
241783	1
241799	0
241810	1
241825	0
241836	1
241851	0
241862	1
241877	0
241888	1
241904	0
241915	1
241930	0
241941	1
241956	0
242386	1
242401	0
242413	1
242428	0
242439	1
242454	0
242464	1
242480	0
242490	1
242507	0
242517	1
242533	0
242543	1
242559	0
242569	1
242586	0
242596	1
242769	0
242779	1
242795	0
243225	1
243240	0
243251	1
243266	0
243277	1
243293	0
243303	1
243319	0
243329	1
243345	0
243355	1
243372	0
243382	1
243398	0
243408	1
243424	0
243434	1
243449	0
243461	1
243476	0
243487	1
243502	0
243513	1
243528	0
243540	1
243555	0
243566	1
243581	0
243591	1
243607	0
243621	1
243633	0
244902	1
244919	0
244929	1
244944	0
244955	1
244970	0
244980	1
244996	0
245006	1
245023	0
245033	1
245049	0
245059	1
245075	0
245085	1
245101	0
245111	1
245128	0
245138	1
245154	0
245164	1
245179	0
245190	1
245205	0
245217	1
245232	0
245277	1
245285	0
245295	1
245311	0
245741	1
245756	0
245767	1
245782	0
245792	1
245809	0
245819	1
245835	0
245845	1
245861	0
245871	1
245888	0
245898	1
245914	0
245924	1
245940	0
245950	1
245965	0
245977	1
245992	0
246003	1
246018	0
246029	1
246044	0
246055	1
246071	0
246082	1
246097	0
246107	1
246123	0
246133	1
246149	0
246579	1
246595	0
246605	1
246622	0
246632	1
246648	0
246658	1
246673	0
246684	1
246699	0
246710	1
246726	0
246737	1
246752	0
246763	1
246778	0
246789	1
246804	0
246814	1
246831	0
246841	1
246857	0
246867	1
246883	0
246893	1
246910	0
246920	1
246936	0
246946	1
246962	0
246972	1
246988	0
247418	1
247434	0
247444	1
247459	0
247470	1
247485	0
247497	1
247512	0
247523	1
247538	0
247549	1
247569	0
247575	1
247590	0
247601	1
247616	0
247628	1
247643	0
247654	1
247669	0
247680	1
247695	0
247707	1
247722	0
247732	1
247748	0
247758	1
247774	0
247784	1
247801	0
247811	1
247827	0
248256	1
248271	0
248283	1
248301	0
248308	1
248325	0
248335	1
248351	0
248361	1
248377	0
248387	1
248402	0
248413	1
248430	0
248440	1
248456	0
248466	1
248482	0
248492	1
248507	0
248519	1
248534	0
248545	1
248560	0
248571	1
248586	0
248597	1
248613	0
248624	1
248639	0
248650	1
248665	0
249095	1
249111	0
249121	1
249137	0
249147	1
249189	0
249200	1
249215	0
249227	1
249242	0
249252	1
249268	0
249278	1
249302	0
249305	1
249321	0
249331	1
249347	0
249357	1
249373	0
249383	1
249398	0
249410	1
249425	0
249436	1
249451	0
249462	1
249477	0
249489	1
249504	0
249934	1
249950	0
249960	1
249976	0
249986	1
250002	0
250012	1
250027	0
250039	1
250054	0
250065	1
250080	0
250091	1
250106	0
250118	1
250133	0
250144	1
250159	0
250170	1
250185	0
250195	1
250211	0
250221	1
250237	0
250248	1
250264	0
250275	1
250290	0
250301	1
250316	0
250327	1
250343	0
250773	1
250788	0
250799	1
250814	0
250825	1
250840	0
250850	1
250867	0
250877	1
250893	0
250903	1
250919	0
250929	1
250945	0
250956	1
250978	0
250982	1
250998	0
251008	1
251024	0
251034	1
251050	0
251060	1
251077	0
251087	1
251103	0
251113	1
251128	0
251139	1
251154	0
251166	1
251181	0
251611	1
251626	0
251637	1
251653	0
251663	1
251679	0
251689	1
251706	0
251716	1
251731	0
251742	1
251757	0
251768	1
251783	0
251795	1
251810	0
251821	1
251836	0
251847	1
251862	0
251874	1
251889	0
251899	1
251915	0
251925	1
251941	0
251951	1
251968	0
251978	1
251994	0
252004	1
252020	0
252449	1
252466	0
252476	1
252491	0
252502	1
252517	0
252528	1
252543	0
252555	1
252570	0
252581	1
252596	0
252607	1
252622	0
252634	1
252649	0
252659	1
252675	0
252685	1
252701	0
252711	1
252728	0
252738	1
252754	0
252764	1
252780	0
252790	1
252806	0
252817	1
252832	0
252850	1
252858	0
253288	1
253304	0
253314	1
253330	0
253340	1
253357	0
253367	1
253383	0
253393	1
253409	0
253419	1
253434	0
253446	1
253461	0
253472	1
253487	0
253498	1
253513	0
253524	1
253539	0
253551	1
253566	0
253577	1
253592	0
253603	1
253618	0
253629	1
253644	0
253655	1
253670	0
253682	1
253697	0
254126	1
254143	0
254156	1
254169	0
254179	1
254195	0
254205	1
254221	0
254231	1
254248	0
254258	1
254274	0
254284	1
254300	0
254310	1
254327	0
254337	1
254352	0
254363	1
254378	0
254389	1
254404	0
254415	1
254430	0
254442	1
254457	0
254468	1
254483	0
254494	1
254509	0
254519	1
254536	0
254966	1
254981	0
254992	1
255007	0
255018	1
255033	0
255045	1
255060	0
255070	1
255086	0
255096	1
255112	0
255122	1
255139	0
255149	1
255165	0
255175	1
255191	0
255201	1
255218	0
255228	1
255273	0
255280	1
255296	0
255306	1
255322	0
255332	1
255347	0
255359	1
255374	0
255805	1
255820	0
255831	1
255846	0
255857	1
255872	0
255882	1
255898	0
255908	1
255925	0
255935	1
255951	0
255961	1
255977	0
255987	1
256004	0
256014	1
256030	0
256040	1
256055	0
256066	1
256081	0
256093	1
256108	0
256119	1
256134	0
256145	1
256160	0
256172	1
256187	0
256197	1
256213	0
256642	1
256659	0
256669	1
256685	0
256695	1
256711	0
256721	1
256736	0
256748	1
256763	0
256774	1
256789	0
256806	1
256815	0
256826	1
256843	0
256852	1
256868	0
256879	1
256894	0
256905	1
256921	0
256931	1
256947	0
256957	1
256973	0
256983	1
257000	0
257010	1
257025	0
257036	1
257051	0
257482	1
257497	0
257508	1
257523	0
257534	1
257549	0
257559	1
257576	0
257590	1
257602	0
257613	1
257628	0
257639	1
257654	0
257664	1
257681	0
257691	1
257707	0
257717	1
257732	0
257744	1
257759	0
257770	1
257785	0
257796	1
257812	0
257822	1
257837	0
257848	1
257864	0
257875	1
257890	0
258320	1
258336	0
258346	1
258362	0
258372	1
258387	0
258399	1
258414	0
258425	1
258440	0
258451	1
258466	0
258478	1
258493	0
258504	1
258519	0
258530	1
258545	0
258555	1
258572	0
258582	1
258598	0
258608	1
258624	0
258634	1
258651	0
258661	1
258677	0
258687	1
258703	0
258713	1
258728	0
259159	1
259174	0
259185	1
259200	0
259212	1
259227	0
259237	1
259253	0
259263	1
259279	0
259289	1
259306	0
259316	1
259332	0
259342	1
259358	0
259368	1
259385	0
259395	1
259410	0
259421	1
259436	0
259447	1
259462	0
259481	1
259489	0
259500	1
259515	0
259526	1
259541	0
259552	1
259568	0
259997	1
260013	0
260023	1
260039	0
260049	1
260066	0
260076	1
260092	0
260102	1
260118	0
260128	1
260144	0
260154	1
260170	0
260181	1
260196	0
260207	1
260223	0
260233	1
260248	0
260260	1
260275	0
260286	1
260301	0
260312	1
260327	0
260338	1
260353	0
260365	1
260380	0
260390	1
260406	0
260836	1
260851	0
260862	1
260878	0
260888	1
260904	0
260915	1
260930	0
260940	1
260956	0
260966	1
260983	0
260993	1
261009	0
261019	1
261035	0
261045	1
261062	0
261072	1
261088	0
261098	1
261114	0
261124	1
261139	0
261151	1
261166	0
261177	1
261192	0
261203	1
261218	0
261229	1
261244	0
261674	1
261690	0
261700	1
261717	0
261727	1
261743	0
261753	1
261769	0
261779	1
261794	0
261806	1
261821	0
261832	1
261847	0
261858	1
261873	0
261885	1
261900	0
261911	1
261926	0
261937	1
261952	0
261962	1
261979	0
261989	1
262005	0
262015	1
262031	0
262041	1
262057	0
262067	1
262084	0
262513	1
262528	0
262539	1
262554	0
262566	1
262581	0
262592	1
262607	0
262618	1
262633	0
262645	1
262660	0
262670	1
262686	0
262696	1
262712	0
262722	1
262739	0
262749	1
262765	0
262775	1
262791	0
262801	1
262818	0
262828	1
262843	0
262854	1
262869	0
262880	1
262895	0
262907	1
262922	0
263352	1
263367	0
263377	1
263401	0
263405	1
263420	0
263431	1
263446	0
263456	1
263473	0
263484	1
263498	0
263509	1
263525	0
263536	1
263551	0
263561	1
263577	0
263587	1
263603	0
263614	1
263630	0
263640	1
263656	0
263666	1
263682	0
263692	1
263707	0
263719	1
263734	0
263745	1
263760	0
264191	1
264206	0
264217	1
264232	0
264243	1
264258	0
264270	1
264285	0
264296	1
264311	0
264321	1
264337	0
264347	1
264363	0
264373	1
264390	0
264400	1
264416	0
264426	1
264442	0
264452	1
264469	0
264479	1
264494	0
264505	1
264520	0
264531	1
264546	0
264558	1
264573	0
264584	1
264599	0
265029	1
265045	0
265055	1
265071	0
265081	1
265098	0
265108	1
265123	0
265134	1
265149	0
265186	1
265201	0
265213	1
265228	0
265268	1
265280	0
265306	1
265307	0
265317	1
265332	0
265344	1
265359	0
265370	1
265385	0
265396	1
265411	0
265423	1
265438	0
265868	1
265884	0
265894	1
265909	0
265920	1
265935	0
265947	1
265962	0
265973	1
265988	0
265999	1
266014	0
266025	1
266040	0
266052	1
266067	0
266077	1
266095	0
266104	1
266119	0
266130	1
266145	0
266156	1
266172	0
266183	1
266198	0
266208	1
266225	0
266235	1
266250	0
266261	1
266276	0
266707	1
266722	0
266733	1
266748	0
266758	1
266774	0
266784	1
266801	0
266811	1
266836	0
266837	1
266854	0
266864	1
266879	0
266890	1
266905	0
266916	1
266931	0
266943	1
266958	0
266969	1
266984	0
266995	1
267010	0
267021	1
267036	0
267046	1
267063	0
267073	1
267089	0
267099	1
267115	0
267544	1
267561	0
267571	1
267587	0
267597	1
267613	0
267623	1
267640	0
267650	1
267666	0
267676	1
267691	0
267702	1
267717	0
267729	1
267744	0
267755	1
267770	0
267781	1
267796	0
267807	1
267823	0
267834	1
267849	0
267859	1
267875	0
267885	1
267901	0
267911	1
267928	0
267938	1
267954	0
268383	1
268400	0
268410	1
268426	0
268436	1
268452	0
268462	1
268478	0
268488	1
268503	0
268515	1
268530	0
268541	1
268556	0
268567	1
268582	0
268594	1
268609	0
268620	1
268635	0
268646	1
268661	0
268671	1
268688	0
268698	1
268724	0
268725	1
268740	0
268751	1
268766	0
268777	1
268793	0
269222	1
269238	0
269248	1
269265	0
269275	1
269290	0
269301	1
269316	0
269327	1
269342	0
269354	1
269369	0
269379	1
269395	0
269405	1
269422	0
269432	1
269448	0
269466	1
269473	0
269484	1
269500	0
269510	1
269527	0
269537	1
269552	0
269563	1
269578	0
269589	1
269604	0
269616	1
269631	0
270061	1
270076	0
270087	1
270102	0
270113	1
270129	0
270140	1
270155	0
270166	1
270181	0
270192	1
270207	0
270217	1
270234	0
270244	1
270260	0
270270	1
270286	0
270296	1
270313	0
270323	1
270339	0
270349	1
270365	0
270375	1
270392	0
270402	1
270417	0
270428	1
270443	0
270454	1
270469	0
270900	1
270915	0
270926	1
270941	0
270952	1
270967	0
270977	1
270994	0
271004	1
271020	0
271030	1
271046	0
271056	1
271073	0
271083	1
271099	0
271109	1
271125	0
271135	1
271152	0
271162	1
271177	0
271188	1
271203	0
271214	1
271229	0
271240	1
271255	0
271267	1
271282	0
271293	1
271308	0
271738	1
271754	0
271764	1
271780	0
271790	1
271806	0
271816	1
271833	0
271843	1
271859	0
271869	1
271885	0
271895	1
271910	0
271922	1
271937	0
271948	1
271963	0
271974	1
271989	0
272000	1
272016	0
272027	1
272042	0
272053	1
272068	0
272079	1
272094	0
272106	1
272121	0
272131	1
272147	0
272576	1
272593	0
272603	1
272619	0
272631	1
272645	0
272655	1
272671	0
272681	1
272697	0
272707	1
272724	0
272734	1
272749	0
272760	1
272776	0
272786	1
272801	0
272813	1
272828	0
272839	1
272854	0
272865	1
272880	0
272892	1
272907	0
272918	1
272933	0
272944	1
272959	0
272970	1
272985	0
273415	1
273432	0
273442	1
273457	0
273468	1
273483	0
273494	1
273509	0
273520	1
273535	0
273547	1
273562	0
273573	1
273588	0
273599	1
273614	0
273624	1
273641	0
273651	1
273667	0
273677	1
273693	0
273703	1
273720	0
273730	1
273746	0
273756	1
273772	0
273782	1
273798	0
273809	1
273824	0
274254	1
274269	0
274280	1
274296	0
274307	1
274322	0
274333	1
274348	0
274359	1
274374	0
274384	1
274401	0
274411	1
274427	0
274437	1
274453	0
274463	1
274480	0
274490	1
274506	0
274516	1
274532	0
274542	1
274557	0
274569	1
274584	0
274595	1
274610	0
274621	1
274636	0
274647	1
274663	0
275093	1
275108	0
275119	1
275134	0
275145	1
275160	0
275172	1
275187	0
275198	1
275213	0
275224	1
275271	0
275277	1
275318	0
275329	1
275344	0
275355	1
275371	0
275380	1
275397	0
275407	1
275423	0
275433	1
275449	0
275459	1
275476	0
275486	1
275502	0
276770	1
276786	0
276796	1
276811	0
276822	1
276837	0
276849	1
276864	0
276875	1
276890	0
276901	1
276916	0
276928	1
276943	0
276954	1
276969	0
276979	1
276995	0
277005	1
277022	0
277032	1
277048	0
277058	1
277074	0
277084	1
277099	0
277110	1
277127	0
277137	1
277152	0
277163	1
277178	0
277609	1
277624	0
277635	1
277650	0
277661	1
277676	0
277688	1
277703	0
277714	1
277729	0
277739	1
277755	0
277765	1
277782	0
277792	1
277808	0
277818	1
277834	0
277844	1
277860	0
277870	1
277887	0
277897	1
277912	0
277923	1
277941	0
277949	1
277965	0
277976	1
277991	0
278002	1
278018	0
278448	1
278463	0
278474	1
278489	0
278500	1
278515	0
278525	1
278541	0
278551	1
278568	0
278578	1
278594	0
278604	1
278620	0
278630	1
278647	0
278657	1
278680	0
278683	1
278699	0
278709	1
278725	0
278735	1
278751	0
278761	1
278778	0
278788	1
278804	0
278814	1
278830	0
278840	1
278856	0
279285	1
279302	0
279313	1
279327	0
279338	1
279353	0
279365	1
279380	0
279390	1
279406	0
279416	1
279433	0
279443	1
279459	0
279469	1
279485	0
279495	1
279511	0
279521	1
279538	0
279548	1
279563	0
279574	1
279589	0
279600	1
279615	0
279627	1
279642	0
279653	1
279668	0
279679	1
279694	0
280125	1
280140	0
280151	1
280166	0
280177	1
280192	0
280203	1
280218	0
280230	1
280245	0
280256	1
280271	0
280281	1
280297	0
280307	1
280324	0
280334	1
280350	0
280360	1
280376	0
280386	1
280403	0
280413	1
280429	0
280439	1
280454	0
280465	1
280480	0
280491	1
280506	0
280518	1
280533	0
280963	1
280979	0
280989	1
281005	0
281015	1
281032	0
281042	1
281057	0
281068	1
281083	0
281094	1
281109	0
281121	1
281136	0
281147	1
281188	0
281199	1
281214	0
281225	1
281241	0
281252	1
281267	0
281278	1
281303	0
281304	1
281319	0
281335	1
281345	0
281356	1
281372	0
281802	1
281818	0
281828	1
281844	0
281854	1
281869	0
281880	1
281904	0
281907	1
281922	0
281933	1
281948	0
281959	1
281975	0
281986	1
282001	0
282012	1
282027	0
282037	1
282054	0
282064	1
282080	0
282090	1
282106	0
282116	1
282131	0
282142	1
282157	0
282169	1
282184	0
282195	1
282210	0
282645	1
282656	0
282666	1
282683	0
282693	1
282709	0
282719	1
282735	0
282745	1
282760	0
282771	1
282786	0
282798	1
282813	0
282824	1
282839	0
282850	1
282865	0
282877	1
282892	0
282903	1
282918	0
282928	1
282944	0
282954	1
282970	0
282981	1
282997	0
283007	1
283023	0
283033	1
283049	0
283479	1
283494	0
283505	1
283520	0
283532	1
283547	0
283558	1
283573	0
283584	1
283599	0
283610	1
283625	0
283637	1
283652	0
283662	1
283678	0
283688	1
283704	0
283714	1
283731	0
283741	1
283757	0
283767	1
283783	0
283793	1
283809	0
283820	1
283836	0
283846	1
283861	0
283872	1
283887	0
284317	1
284334	0
284344	1
284360	0
284370	1
284385	0
284396	1
284411	0
284423	1
284438	0
284449	1
284464	0
284475	1
284490	0
284501	1
284520	0
284527	1
284543	0
284554	1
284569	0
284580	1
284595	0
284606	1
284622	0
284633	1
284648	0
284659	1
284674	0
284684	1
284700	0
284710	1
284726	0
285156	1
285172	0
285182	1
285199	0
285209	1
285224	0
285235	1
285277	0
285294	1
285303	0
285313	1
285330	0
285340	1
285355	0
285366	1
285381	0
285392	1
285407	0
285418	1
285434	0
285445	1
285460	0
285471	1
285486	0
285497	1
285512	0
285524	1
285539	0
285549	1
285565	0
285995	1
286010	0
286021	1
286036	0
286047	1
286062	0
286074	1
286089	0
286100	1
286115	0
286126	1
286141	0
286153	1
286168	0
286178	1
286194	0
286204	1
286220	0
286230	1
286247	0
286257	1
286273	0
286283	1
286299	0
286309	1
286325	0
286335	1
286351	0
286362	1
286377	0
286388	1
286403	0
286833	1
286849	0
286860	1
286876	0
286886	1
286901	0
286912	1
286927	0
286938	1
286953	0
286965	1
286980	0
286991	1
287006	0
287017	1
287032	0
287044	1
287059	0
287069	1
287085	0
287095	1
287111	0
287121	1
287138	0
287148	1
287164	0
287181	1
287191	0
287200	1
287216	0
287227	1
287242	0
287672	1
287688	0
287698	1
287714	0
287724	1
287740	0
287750	1
287767	0
287777	1
287793	0
287803	1
287819	0
287829	1
287844	0
287856	1
287871	0
287882	1
287897	0
287908	1
287924	0
287934	1
287949	0
287961	1
287976	0
287987	1
288002	0
288013	1
288028	0
288039	1
288054	0
288066	1
288081	0
288511	1
288526	0
288537	1
288552	0
288563	1
288579	0
288590	1
288605	0
288616	1
288631	0
288642	1
288657	0
288668	1
288683	0
288695	1
288710	0
288720	1
288736	0
288746	1
288762	0
288772	1
288789	0
288799	1
288815	0
288825	1
288841	0
288851	1
288868	0
288878	1
288893	0
288904	1
288919	0
289350	1
289365	0
289376	1
289391	0
289402	1
289417	0
289428	1
289443	0
289455	1
289470	0
289480	1
289496	0
289506	1
289522	0
289532	1
289549	0
289559	1
289575	0
289585	1
289601	0
289611	1
289628	0
289638	1
289653	0
289664	1
289679	0
289690	1
289705	0
289716	1
289732	0
289743	1
289758	0
290187	1
290204	0
290214	1
290230	0
290240	1
290256	0
290266	1
290281	0
290293	1
290309	0
290319	1
290335	0
290345	1
290361	0
290371	1
290386	0
290398	1
290413	0
290424	1
290439	0
290450	1
290465	0
290477	1
290492	0
290503	1
290518	0
290529	1
290544	0
290554	1
290571	0
290583	1
290597	0
291027	1
291042	0
291053	1
291068	0
291078	1
291095	0
291105	1
291121	0
291131	1
291154	0
291158	1
291174	0
291183	1
291200	0
291211	1
291225	0
291236	1
291253	0
291262	1
291278	0
291288	1
291305	0
291315	1
291331	0
291341	1
291357	0
291367	1
291382	0
291394	1
291409	0
291420	1
291435	0
291866	1
291881	0
291894	1
291907	0
291918	1
291934	0
291944	1
291959	0
291970	1
291985	0
291996	1
292011	0
292023	1
292038	0
292049	1
292064	0
292075	1
292090	0
292102	1
292117	0
292128	1
292143	0
292153	1
292169	0
292179	1
292195	0
292206	1
292222	0
292232	1
292248	0
292258	1
292274	0
292703	1
292720	0
292730	1
292746	0
292756	1
292772	0
292782	1
292799	0
292809	1
292825	0
292835	1
292850	0
292861	1
292876	0
292887	1
292902	0
292914	1
292929	0
292940	1
292955	0
292966	1
292981	0
292993	1
293008	0
293018	1
293034	0
293044	1
293060	0
293070	1
293087	0
293097	1
293113	0
293543	1
293558	0
293569	1
293584	0
293594	1
293611	0
293621	1
293637	0
293647	1
293663	0
293673	1
293689	0
293699	1
293716	0
293726	1
293742	0
293752	1
293768	0
293779	1
293794	0
293804	1
293820	0
293830	1
293847	0
293857	1
293873	0
293883	1
293899	0
293909	1
293925	0
293935	1
293952	0
295220	1
295235	0
295273	1
295288	0
295298	1
295314	0
295325	1
295341	0
295351	1
295366	0
295377	1
295446	0
295456	1
295471	0
295482	1
295497	0
295508	1
295523	0
295535	1
295550	0
295561	1
295576	0
295587	1
295602	0
295613	1
295628	0
296059	1
296074	0
296085	1
296100	0
296110	1
296126	0
296136	1
296153	0
296163	1
296179	0
296189	1
296205	0
296215	1
296232	0
296242	1
296258	0
296268	1
296283	0
296294	1
296309	0
296321	1
296336	0
296347	1
296362	0
296373	1
296388	0
296400	1
296415	0
296425	1
296441	0
296451	1
296474	0
297735	1
297751	0
297761	1
297778	0
297788	1
297804	0
297814	1
297837	0
297840	1
297856	0
297867	1
297882	0
297893	1
297908	0
297919	1
297935	0
297946	1
297961	0
297971	1
297987	0
297997	1
298014	0
298024	1
298040	0
298050	1
298066	0
298076	1
298092	0
298103	1
298118	0
298129	1
298144	0
298578	1
298590	0
298600	1
298616	0
298627	1
298643	0
298653	1
298669	0
298679	1
298694	0
298705	1
298720	0
298732	1
298747	0
298758	1
298773	0
298784	1
298799	0
298811	1
298826	0
298836	1
298852	0
298862	1
298878	0
298888	1
298905	0
298915	1
298931	0
298941	1
298957	0
298967	1
298984	0
300251	1
300267	0
300277	1
300294	0
300304	1
300320	0
300330	1
300346	0
300356	1
300372	0
300383	1
300399	0
300409	1
300424	0
300435	1
300451	0
300461	1
300477	0
300487	1
300503	0
300513	1
300530	0
300540	1
300556	0
300566	1
300581	0
300592	1
300607	0
300619	1
300634	0
300645	1
300660	0
301929	1
301944	0
301955	1
301970	0
301982	1
301997	0
302008	1
302023	0
302033	1
302049	0
302059	1
302076	0
302086	1
302102	0
302112	1
302128	0
302138	1
302154	0
302165	1
302181	0
302191	1
302207	0
302217	1
302232	0
302243	1
302258	0
302270	1
302285	0
302296	1
302311	0
302322	1
302337	0
303605	1
303622	0
303632	1
303648	0
303658	1
303674	0
303684	1
303701	0
303711	1
303727	0
303737	1
303753	0
303763	1
303785	0
303789	1
303805	0
303815	1
303832	0
303842	1
303858	0
303868	1
303884	0
303894	1
303910	0
303921	1
303937	0
303947	1
303962	0
303973	1
303988	0
303999	1
304014	0
305283	1
305325	0
305335	1
305351	0
305361	1
305378	0
305388	1
305404	0
305414	1
305430	0
305440	1
305457	0
305467	1
305483	0
305493	1
305508	0
305519	1
305534	0
305546	1
305561	0
305572	1
305587	0
305598	1
305613	0
305623	1
305640	0
305650	1
305666	0
305676	1
305692	0
