[µs]	Sample
0	0
287	1
303	0
313	1
331	0
339	1
355	0
365	1
381	0
391	1
408	0
417	1
434	0
445	1
460	0
471	1
486	0
497	1
512	0
548	1
565	0
576	1
591	0
602	1
617	0
627	1
643	0
654	1
669	0
679	1
696	0
706	1
722	0
732	1
748	0
758	1
774	0
784	1
801	0
811	1
827	0
837	1
853	0
863	1
879	0
889	1
906	0
916	1
932	0
942	1
958	0
968	1
983	0
994	1
1009	0
1021	1
1036	0
1047	1
1062	0
1073	1
1088	0
1099	1
1114	0
1126	1
1141	0
1152	1
1167	0
1178	1
1193	0
1206	1
1219	0
1231	1
1246	0
1257	1
1272	0
1283	1
1298	0
1309	1
1324	0
1336	1
1351	0
1361	1
1377	0
1387	1
1403	0
1413	1
1430	0
1440	1
1456	0
1466	1
1482	0
1492	1
1508	0
1518	1
1534	0
1544	1
1561	0
1571	1
1587	0
1597	1
1613	0
1623	1
1639	0
1650	1
1665	0
1676	1
1691	0
1702	1
1718	0
1728	1
1743	0
1754	1
1769	0
1781	1
1796	0
1807	1
1822	0
1833	1
1849	0
1867	1
1875	0
1885	1
1901	0
1911	1
1927	0
1937	1
1955	0
1964	1
1979	0
1991	1
2006	0
2017	1
2032	0
2042	1
2058	0
2068	1
2085	0
2095	1
2111	0
2121	1
2137	0
2147	1
2163	0
2174	1
2190	0
2200	1
2215	0
2226	1
2241	0
2252	1
2268	0
2279	1
2294	0
2305	1
2320	0
2331	1
2346	0
2357	1
2372	0
2384	1
2399	0
2410	1
2425	0
2435	1
2451	0
2462	1
2478	0
2488	1
2504	0
2514	1
2530	0
2540	1
2556	0
2566	1
2582	0
2592	1
2608	0
2619	1
2635	0
2645	1
2661	0
2671	1
2688	0
2698	1
2714	0
2724	1
2740	0
2750	1
2766	0
2776	1
2791	0
2803	1
2818	0
2830	1
2845	0
2855	1
2870	0
2881	1
2896	0
2908	1
2923	0
2934	1
2949	0
2960	1
2975	0
2986	1
3001	0
3013	1
3028	0
3039	1
3054	0
3065	1
3081	0
3091	1
3106	0
3117	1
3133	0
3143	1
3159	0
3169	1
3186	0
3195	1
3211	0
3222	1
3237	0
3248	1
3264	0
3274	1
3290	0
3300	1
3316	0
3326	1
3342	0
5030	1
5046	0
5056	1
5072	0
5082	1
5099	0
5109	1
5125	0
5135	1
5150	0
5161	1
5176	0
5188	1
5203	0
5214	1
5229	0
5243	1
5255	0
5267	1
5282	0
5293	1
5308	0
5318	1
5334	0
5345	1
5360	0
5370	1
5387	0
5397	1
5413	0
5423	1
5439	0
6708	1
6723	0
6734	1
6749	0
6759	1
6776	0
6786	1
6802	0
6812	1
6828	0
6839	1
6854	0
6864	1
6880	0
6890	1
6907	0
6917	1
6933	0
6943	1
6959	0
6969	1
6985	0
6995	1
7012	0
7022	1
7038	0
7048	1
7064	0
7074	1
7091	0
7101	1
7116	0
8384	1
8400	0
8410	1
8427	0
8437	1
8453	0
8463	1
8479	0
8489	1
8505	0
8516	1
8532	0
8541	1
8558	0
8569	1
8585	0
8594	1
8610	0
8620	1
8637	0
8647	1
8663	0
8673	1
8689	0
8699	1
8715	0
8725	1
8740	0
8752	1
8767	0
8778	1
8793	0
9223	1
9246	0
9250	1
9265	0
9276	1
9291	0
9302	1
9317	0
9329	1
9343	0
9355	1
9370	0
9381	1
9396	0
9407	1
9422	0
9434	1
9449	0
9460	1
9475	0
9486	1
9501	0
9512	1
9527	0
9538	1
9554	0
9564	1
9581	0
9591	1
9606	0
9616	1
9632	0
10062	1
10078	0
10088	1
10104	0
10114	1
10131	0
10141	1
10157	0
10167	1
10182	0
10193	1
10209	0
10219	1
10234	0
10246	1
10261	0
10272	1
10287	0
10298	1
10313	0
10324	1
10339	0
10351	1
10366	0
10377	1
10392	0
10403	1
10418	0
10429	1
10444	0
10454	1
10470	0
10900	1
10917	0
10927	1
10943	0
10953	1
10969	0
10979	1
10995	0
11005	1
11022	0
11032	1
11048	0
11058	1
11073	0
11084	1
11099	0
11110	1
11125	0
11139	1
11152	0
11163	1
11178	0
11189	1
11206	0
11215	1
11230	0
11241	1
11256	0
11268	1
11283	0
11294	1
11309	0
12578	1
12593	0
12604	1
12619	0
12631	1
12646	0
12657	1
12672	0
12683	1
12698	0
12709	1
12724	0
12735	1
12751	0
12762	1
12777	0
12788	1
12803	0
12814	1
12829	0
12841	1
12856	0
12866	1
12882	0
12892	1
12908	0
12918	1
12934	0
12944	1
12961	0
12971	1
12987	0
13417	1
13432	0
13443	1
13458	0
13469	1
13484	0
13496	1
13511	0
13522	1
13537	0
13547	1
13563	0
13573	1
13589	0
13599	1
13616	0
13626	1
13642	0
13652	1
13668	0
13678	1
13695	0
13705	1
13721	0
13731	1
13747	0
13761	1
13773	0
13784	1
13799	0
13809	1
13825	0
14256	1
14271	0
14281	1
14297	0
14307	1
14323	0
14333	1
14349	0
14359	1
14376	0
14386	1
14402	0
14412	1
14428	0
14438	1
14455	0
14464	1
14481	0
14491	1
14507	0
14517	1
14533	0
14543	1
14559	0
14569	1
14585	0
14595	1
14612	0
14622	1
14638	0
14648	1
14664	0
15933	1
15948	0
15959	1
15974	0
16037	1
16053	0
16064	1
16079	0
16090	1
16105	0
16116	1
16131	0
16143	1
16158	0
16168	1
16184	0
16194	1
16210	0
16220	1
16237	0
16247	1
16263	0
16273	1
16289	0
16299	1
16316	0
16326	1
16342	0
17609	1
17626	0
17636	1
17652	0
17662	1
17678	0
17688	1
17705	0
17714	1
17731	0
17741	1
17757	0
17767	1
17782	0
17793	1
17809	0
17819	1
17835	0
17846	1
17861	0
17872	1
17888	0
17898	1
17913	0
17925	1
17940	0
17950	1
17966	0
17976	1
17993	0
18003	1
18019	0
18448	1
18464	0
18474	1
18491	0
18501	1
18517	0
18530	1
18543	0
18553	1
18569	0
18579	1
18595	0
18605	1
18622	0
18632	1
18648	0
18658	1
18673	0
18684	1
18699	0
18711	1
18726	0
18737	1
18752	0
18763	1
18778	0
18789	1
18804	0
18816	1
18832	0
18842	1
18857	0
20126	1
20141	0
20152	1
20167	0
20179	1
20194	0
20204	1
20220	0
20231	1
20246	0
20257	1
20272	0
20282	1
20298	0
20308	1
20325	0
20336	1
20351	0
20361	1
20377	0
20387	1
20403	0
20421	1
20430	0
20440	1
20457	0
20466	1
20481	0
20492	1
20509	0
20519	1
20534	0
20964	1
20979	0
20991	1
21006	0
21017	1
21032	0
21043	1
21058	0
21069	1
21084	0
21096	1
21111	0
21122	1
21137	0
21147	1
21167	0
21173	1
21190	0
21200	1
21216	0
21226	1
21242	0
21252	1
21268	0
21278	1
21295	0
21305	1
21321	0
21331	1
21347	0
21357	1
21373	0
21803	1
21818	0
21829	1
21844	0
21856	1
21871	0
21882	1
21897	0
21908	1
21923	0
21934	1
21949	0
21961	1
21976	0
21987	1
22002	0
22012	1
22028	0
22038	1
22055	0
22065	1
22081	0
22091	1
22107	0
22117	1
22133	0
22143	1
22160	0
22170	1
22185	0
22196	1
22212	0
23480	1
23496	0
23506	1
23521	0
23533	1
23548	0
23559	1
23574	0
23585	1
23600	0
23611	1
23626	0
23638	1
23653	0
23664	1
23679	0
23690	1
23705	0
23716	1
23731	0
23743	1
23758	0
23769	1
23786	0
23795	1
23810	0
23820	1
23836	0
23848	1
23863	0
23873	1
23889	0
25157	1
25173	0
25183	1
25200	0
25210	1
25226	0
25236	1
25252	0
25262	1
25278	0
25288	1
25305	0
25315	1
25330	0
25341	1
25356	0
25367	1
25382	0
25393	1
25408	0
25420	1
25435	0
25446	1
25461	0
25472	1
25487	0
25498	1
25513	0
25525	1
25540	0
25551	1
25566	0
26022	1
26038	0
26048	1
26063	0
26075	1
26090	0
26101	1
26116	0
26128	1
26143	0
26153	1
26169	0
26179	1
26195	0
26205	1
26222	0
26232	1
26248	0
26258	1
26274	0
26284	1
26300	0
26310	1
26327	0
26337	1
26353	0
26363	1
26378	0
26389	1
26404	0
27673	1
27689	0
27699	1
27716	0
27726	1
27742	0
27752	1
27768	0
27778	1
27793	0
27804	1
27821	0
27831	1
27847	0
27857	1
27873	0
27883	1
27898	0
27909	1
27924	0
27936	1
27951	0
27962	1
27977	0
27988	1
28003	0
28014	1
28029	0
28040	1
28055	0
28067	1
28083	0
29351	1
29366	0
29377	1
29392	0
29402	1
29419	0
29429	1
29445	0
29455	1
29471	0
29481	1
29497	0
29507	1
29524	0
29534	1
29550	0
29560	1
29576	0
29586	1
29602	0
29612	1
29629	0
29639	1
29655	0
29665	1
29681	0
29691	1
29708	0
29718	1
29733	0
29744	1
29760	0
30189	1
30205	0
30215	1
30231	0
30241	1
30257	0
30267	1
30284	0
30294	1
30310	0
30320	1
30336	0
30346	1
30362	0
30372	1
30389	0
30399	1
30422	0
30424	1
30441	0
30451	1
30467	0
30477	1
30493	0
30503	1
30519	0
30529	1
30546	0
30556	1
30572	0
30582	1
30598	0
31028	1
31043	0
31054	1
31069	0
31081	1
31096	0
31106	1
31122	0
31132	1
31148	0
31158	1
31175	0
31185	1
31201	0
31211	1
31227	0
31237	1
31253	0
31263	1
31280	0
31290	1
31306	0
31316	1
31332	0
31342	1
31358	0
31368	1
31385	0
31395	1
31411	0
31421	1
31436	0
32705	1
32721	0
32731	1
32747	0
32757	1
32774	0
32784	1
32799	0
32810	1
32825	0
32836	1
32851	0
32862	1
32878	0
32889	1
32904	0
32915	1
32930	0
32941	1
32956	0
32967	1
32982	0
32994	1
33009	0
33020	1
33035	0
33046	1
33061	0
33072	1
33087	0
33098	1
33113	0
33544	1
33560	0
33570	1
33586	0
33596	1
33620	0
33623	1
33638	0
33649	1
33664	0
33674	1
33690	0
33700	1
33716	0
33728	1
33743	0
33753	1
33769	0
33779	1
33795	0
33805	1
33822	0
33832	1
33848	0
33858	1
33874	0
33884	1
33901	0
33911	1
33926	0
33937	1
33952	0
34382	1
34398	0
34408	1
34425	0
34435	1
34451	0
34461	1
34477	0
34487	1
34502	0
34513	1
34528	0
34540	1
34555	0
34566	1
34581	0
34592	1
34607	0
34618	1
34633	0
34645	1
34660	0
34671	1
34686	0
34697	1
34712	0
34723	1
34739	0
34749	1
34765	0
34775	1
34791	0
36059	1
36075	0
36086	1
36102	0
36112	1
36128	0
36138	1
36153	0
36165	1
36180	0
36191	1
36206	0
36217	1
36232	0
36243	1
36258	0
36270	1
36285	0
36305	1
36312	0
36322	1
36337	0
36348	1
36364	0
36374	1
36390	0
36401	1
36416	0
36427	1
36442	0
36453	1
36468	0
36898	1
36914	0
36924	1
36941	0
36951	1
36967	0
36977	1
36993	0
37003	1
37018	0
37029	1
37052	0
37055	1
37071	0
37081	1
37097	0
37107	1
37124	0
37134	1
37150	0
37160	1
37176	0
37186	1
37203	0
37212	1
37229	0
37239	1
37255	0
37265	1
37280	0
37291	1
37306	0
37736	1
37752	0
37762	1
37779	0
37789	1
37805	0
37815	1
37831	0
37841	1
37858	0
37868	1
37884	0
37894	1
37910	0
37920	1
37936	0
37946	1
37963	0
37973	1
37989	0
37999	1
38015	0
38025	1
38040	0
38051	1
38066	0
38078	1
38093	0
38104	1
38119	0
38130	1
38145	0
38576	1
38591	0
38602	1
38617	0
38628	1
38643	0
38655	1
38670	0
38681	1
38696	0
38706	1
38722	0
38732	1
38748	0
38758	1
38775	0
38785	1
38801	0
38811	1
38827	0
38837	1
38853	0
38863	1
38880	0
38890	1
38906	0
38916	1
38932	0
38943	1
38958	0
38968	1
38985	0
39414	1
39430	0
39440	1
39456	0
39466	1
39483	0
39493	1
39509	0
39519	1
39534	0
39545	1
39560	0
39572	1
39586	0
39598	1
39613	0
39624	1
39639	0
39650	1
39665	0
39677	1
39692	0
39702	1
39718	0
39728	1
39744	0
39754	1
39771	0
39781	1
39797	0
39807	1
39823	0
40252	1
40269	0
40279	1
40294	0
40305	1
40320	0
40332	1
40346	0
40358	1
40373	0
40384	1
40399	0
40410	1
40425	0
40437	1
40452	0
40463	1
40478	0
40489	1
40504	0
40515	1
40530	0
40541	1
40557	0
40567	1
40583	0
40594	1
40609	0
40620	1
40635	0
40645	1
40661	0
41091	1
41107	0
41117	1
41134	0
41144	1
41160	0
41170	1
41186	0
41196	1
41212	0
41222	1
41239	0
41249	1
41264	0
41275	1
41290	0
41301	1
41316	0
41327	1
41342	0
41354	1
41369	0
41380	1
41395	0
41406	1
41421	0
41433	1
41448	0
41460	1
41474	0
41485	1
41500	0
41930	1
41946	0
41956	1
41972	0
41982	1
41998	0
42008	1
42024	0
42034	1
42051	0
42061	1
42077	0
42087	1
42103	0
42113	1
42130	0
42140	1
42155	0
42166	1
42181	0
42192	1
42207	0
42219	1
42234	0
42245	1
42260	0
42271	1
42286	0
42296	1
42318	0
42322	1
42339	0
42769	1
42785	0
42795	1
42810	0
42821	1
42837	0
42847	1
42863	0
42873	1
42890	0
42900	1
42915	0
42926	1
42941	0
42952	1
42967	0
42978	1
42994	0
43005	1
43020	0
43031	1
43046	0
43057	1
43072	0
43084	1
43099	0
43109	1
43125	0
43135	1
43151	0
43161	1
43178	0
43607	1
43627	0
43634	1
43649	0
43659	1
43675	0
43685	1
43702	0
43711	1
43728	0
43738	1
43754	0
43764	1
43780	0
43790	1
43807	0
43817	1
43833	0
43843	1
43859	0
43869	1
43885	0
43895	1
43912	0
43922	1
43938	0
43948	1
43964	0
43974	1
43990	0
44000	1
44016	0
44445	1
44461	0
44473	1
44488	0
44498	1
44514	0
44524	1
44540	0
44550	1
44567	0
44577	1
44593	0
44603	1
44619	0
44629	1
44645	0
44655	1
44672	0
44682	1
44698	0
44708	1
44724	0
44734	1
44750	0
44760	1
44776	0
44786	1
44803	0
44813	1
44828	0
44839	1
44855	0
45285	1
45300	0
45311	1
45326	0
45337	1
45352	0
45363	1
45378	0
45390	1
45405	0
45416	1
45431	0
45442	1
45457	0
45468	1
45483	0
45495	1
45517	0
45521	1
45536	0
45547	1
45562	0
45573	1
45589	0
45599	1
45614	0
45625	1
45641	0
45652	1
45667	0
45677	1
45693	0
46124	1
46139	0
46149	1
46165	0
46175	1
46191	0
46201	1
46217	0
46227	1
46244	0
46254	1
46270	0
46280	1
46296	0
46307	1
46322	0
46332	1
46348	0
46359	1
46375	0
46385	1
46401	0
46411	1
46427	0
46437	1
46454	0
46463	1
46480	0
46490	1
46506	0
46516	1
46532	0
46962	1
46978	0
46988	1
47003	0
47014	1
47029	0
47041	1
47056	0
47067	1
47082	0
47093	1
47108	0
47119	1
47135	0
47145	1
47161	0
47171	1
47187	0
47197	1
47213	0
47223	1
47239	0
47249	1
47266	0
47276	1
47292	0
47302	1
47318	0
47328	1
47344	0
47354	1
47371	0
47800	1
47816	0
47826	1
47842	0
47852	1
47868	0
47878	1
47895	0
47905	1
47921	0
47931	1
47947	0
47957	1
47973	0
47984	1
48000	0
48010	1
48026	0
48036	1
48052	0
48062	1
48077	0
48089	1
48104	0
48115	1
48130	0
48141	1
48156	0
48168	1
48188	0
48194	1
48209	0
48639	1
48654	0
48666	1
48681	0
48692	1
48707	0
48718	1
48733	0
48744	1
48759	0
48771	1
48786	0
48796	1
48812	0
48822	1
48838	0
48848	1
48864	0
48874	1
48891	0
48901	1
48917	0
48927	1
48942	0
48954	1
48970	0
48980	1
48995	0
49006	1
49021	0
49032	1
49047	0
49477	1
49497	0
49504	1
49519	0
49530	1
49546	0
49557	1
49572	0
49583	1
49599	0
49608	1
49624	0
49634	1
49651	0
49661	1
49676	0
49687	1
49703	0
49713	1
49730	0
49740	1
49755	0
49766	1
49781	0
49792	1
49807	0
49819	1
49834	0
49845	1
49860	0
49871	1
49886	0
50317	1
50332	0
50343	1
50358	0
50369	1
50384	0
50394	1
50410	0
50421	1
50437	0
50447	1
50463	0
50473	1
50489	0
50499	1
50516	0
50526	1
50542	0
50552	1
50568	0
50578	1
50594	0
50604	1
50621	0
50631	1
50646	0
50657	1
50672	0
50683	1
50698	0
50710	1
50724	0
51155	1
51171	0
51181	1
51197	0
51207	1
51223	0
51233	1
51250	0
51260	1
51276	0
51286	1
51302	0
51312	1
51327	0
51338	1
51355	0
51365	1
51380	0
51391	1
51406	0
51417	1
51432	0
51443	1
51458	0
51469	1
51485	0
51496	1
51511	0
51522	1
51537	0
51548	1
51565	0
51993	1
52010	0
52020	1
52035	0
52046	1
52061	0
52072	1
52087	0
52099	1
52114	0
52125	1
52140	0
52151	1
52166	0
52178	1
52193	0
52203	1
52219	0
52229	1
52245	0
52255	1
52271	0
52281	1
52298	0
52308	1
52324	0
52334	1
52350	0
52360	1
52376	0
52386	1
52403	0
52833	1
52848	0
52859	1
52876	0
52884	1
52900	0
52910	1
52926	0
52936	1
52953	0
52964	1
52979	0
52989	1
53005	0
53015	1
53031	0
53041	1
53058	0
53068	1
53084	0
53094	1
53110	0
53120	1
53137	0
53147	1
53163	0
53173	1
53188	0
53199	1
53215	0
53225	1
53241	0
54509	1
54525	0
54535	1
54551	0
54562	1
54578	0
54588	1
54604	0
54614	1
54630	0
54640	1
54657	0
54667	1
54683	0
54693	1
54709	0
54719	1
54735	0
54745	1
54761	0
54774	1
54788	0
54798	1
54813	0
54824	1
54840	0
54850	1
54866	0
54877	1
54892	0
54902	1
54919	0
55348	1
55364	0
55374	1
55390	0
55400	1
55416	0
55426	1
55443	0
55453	1
55469	0
55479	1
55495	0
55505	1
55521	0
55532	1
55547	0
55557	1
55573	0
55583	1
55600	0
55610	1
55626	0
55636	1
55652	0
55662	1
55678	0
55688	1
55705	0
55714	1
55731	0
55741	1
55757	0
56186	1
56202	0
56213	1
56229	0
56239	1
56255	0
56265	1
56281	0
56291	1
56307	0
56317	1
56334	0
56344	1
56360	0
56370	1
56386	0
56396	1
56411	0
56423	1
56438	0
56449	1
56464	0
56475	1
56490	0
56502	1
56517	0
56528	1
56543	0
56554	1
56569	0
56579	1
56595	0
57025	1
57040	0
57052	1
57067	0
57078	1
57093	0
57104	1
57119	0
57131	1
57146	0
57157	1
57172	0
57182	1
57198	0
57208	1
57224	0
57234	1
57251	0
57261	1
57277	0
57287	1
57303	0
57313	1
57330	0
57339	1
57356	0
57366	1
57382	0
57392	1
57408	0
57418	1
57433	0
57864	1
57879	0
57891	1
57906	0
57917	1
57932	0
57942	1
57958	0
57969	1
57984	0
57995	1
58010	0
58021	1
58036	0
58048	1
58063	0
58074	1
58089	0
58099	1
58116	0
58126	1
58142	0
58152	1
58168	0
58178	1
58194	0
58204	1
58221	0
58231	1
58247	0
58257	1
58273	0
58702	1
58718	0
58729	1
58744	0
58754	1
58771	0
58782	1
58797	0
58807	1
58822	0
58833	1
58849	0
58860	1
58875	0
58886	1
58901	0
58913	1
58928	0
58939	1
58954	0
58965	1
58980	0
58990	1
59006	0
59016	1
59033	0
59043	1
59059	0
59069	1
59085	0
59096	1
59112	0
60379	1
60396	0
60406	1
60422	0
60432	1
60448	0
60458	1
60474	0
60484	1
60501	0
60511	1
60527	0
60537	1
60552	0
60563	1
60578	0
60589	1
60605	0
60616	1
60631	0
60642	1
60657	0
60668	1
60683	0
60695	1
60710	0
60721	1
60736	0
60747	1
60762	0
60772	1
60789	0
61219	1
61234	0
61245	1
61260	0
61270	1
61287	0
61297	1
61313	0
61323	1
61339	0
61349	1
61365	0
61375	1
61391	0
61404	1
61417	0
61428	1
61444	0
61454	1
61470	0
61481	1
61496	0
61506	1
61522	0
61533	1
61548	0
61560	1
61575	0
61586	1
61601	0
61612	1
61627	0
62057	1
62072	0
62084	1
62099	0
62110	1
62125	0
62135	1
62151	0
62161	1
62178	0
62188	1
62204	0
62214	1
62230	0
62240	1
62256	0
62266	1
62283	0
62293	1
62309	0
62319	1
62334	0
62345	1
62361	0
62371	1
62388	0
62398	1
62414	0
62424	1
62439	0
62450	1
62466	0
63734	1
63750	0
63760	1
63776	0
63786	1
63803	0
63813	1
63829	0
63839	1
63855	0
63865	1
63881	0
63891	1
63908	0
63918	1
63934	0
63944	1
63960	0
63970	1
63986	0
63996	1
64013	0
64023	1
64038	0
64050	1
64065	0
64075	1
64090	0
64101	1
64117	0
64127	1
64143	0
64572	1
64589	0
64599	1
64615	0
64625	1
64641	0
64651	1
64668	0
64678	1
64694	0
64704	1
64719	0
64730	1
64745	0
64757	1
64772	0
64783	1
64798	0
64809	1
64825	0
64835	1
64851	0
64861	1
64877	0
64887	1
64903	0
64913	1
64930	0
64940	1
64956	0
64966	1
64982	0
65411	1
65428	0
65439	1
65453	0
65464	1
65479	0
65490	1
65505	0
65517	1
65532	0
65543	1
65558	0
65569	1
65584	0
65595	1
65610	0
65622	1
65637	0
65648	1
65663	0
65673	1
65689	0
65699	1
65715	0
65725	1
65742	0
65752	1
65768	0
65778	1
65794	0
65804	1
65821	0
67090	1
67105	0
67115	1
67131	0
67141	1
67157	0
67167	1
67183	0
67194	1
67209	0
67220	1
67236	0
67246	1
67261	0
67272	1
67287	0
67299	1
67314	0
67325	1
67340	0
67351	1
67366	0
67377	1
67392	0
67404	1
67419	0
67430	1
67445	0
67464	1
67472	0
67483	1
67498	0
68766	1
68782	0
68793	1
68808	0
68818	1
68834	0
68844	1
68861	0
68871	1
68887	0
68897	1
68913	0
68923	1
68939	0
68949	1
68965	0
68976	1
68992	0
69002	1
69018	0
69028	1
69044	0
69054	1
69069	0
69081	1
69096	0
69107	1
69122	0
69133	1
69148	0
69160	1
69175	0
70444	1
70459	0
70470	1
70485	0
70496	1
70511	0
70522	1
70537	0
70549	1
70564	0
70574	1
70590	0
70601	1
70616	0
70626	1
70642	0
70657	1
70669	0
70679	1
70695	0
70706	1
70721	0
70731	1
70748	0
70758	1
70773	0
70784	1
70799	0
70810	1
70825	0
70837	1
70852	0
71282	1
71297	0
71309	1
71324	0
71334	1
71350	0
71361	1
71376	0
71386	1
71404	0
71413	1
71429	0
71439	1
71454	0
71465	1
71480	0
71492	1
71507	0
71518	1
71533	0
71544	1
71559	0
71571	1
71586	0
71597	1
71612	0
71623	1
71638	0
71649	1
71664	0
71676	1
71691	0
72120	1
72137	0
72147	1
72163	0
72173	1
72188	0
72199	1
72215	0
72225	1
72242	0
72252	1
72267	0
72278	1
72293	0
72304	1
72319	0
72331	1
72345	0
72357	1
72372	0
72383	1
72398	0
72409	1
72424	0
72436	1
72451	0
72462	1
72477	0
72488	1
72503	0
72514	1
72529	0
72959	1
72975	0
72985	1
73001	0
73011	1
73028	0
73038	1
73054	0
73064	1
73080	0
73090	1
73105	0
73117	1
73132	0
73143	1
73158	0
73169	1
73184	0
73196	1
73211	0
73222	1
73237	0
73248	1
73263	0
73274	1
73289	0
73303	1
73315	0
73326	1
73341	0
73352	1
73368	0
73798	1
73813	0
73825	1
73839	0
73851	1
73866	0
73876	1
73892	0
73902	1
73919	0
73929	1
73945	0
73955	1
73971	0
73981	1
73996	0
74008	1
74023	0
74034	1
74052	0
74060	1
74075	0
74086	1
74101	0
74113	1
74128	0
74139	1
74154	0
74165	1
74180	0
74191	1
74207	0
74636	1
74652	0
74663	1
74678	0
74689	1
74705	0
74716	1
74731	0
74741	1
74756	0
74768	1
74783	0
74794	1
74809	0
74820	1
74835	0
74846	1
74861	0
74873	1
74888	0
74899	1
74914	0
74925	1
74940	0
74952	1
74966	0
74978	1
74993	0
75004	1
75019	0
75030	1
75045	0
75475	1
75490	0
75502	1
75517	0
75528	1
75543	0
75554	1
75569	0
75580	1
75595	0
75606	1
75621	0
75633	1
75648	0
75659	1
75674	0
75685	1
75700	0
75710	1
75726	0
75738	1
75753	0
75763	1
75779	0
75789	1
75805	0
75815	1
75832	0
75841	1
75858	0
75868	1
75884	0
76313	1
76329	0
76341	1
76356	0
76366	1
76382	0
76392	1
76408	0
76418	1
76434	0
76444	1
76461	0
76470	1
76487	0
76497	1
76513	0
76523	1
76539	0
76549	1
76566	0
76576	1
76592	0
76602	1
76618	0
76628	1
76644	0
76654	1
76671	0
76681	1
76696	0
76712	1
76723	0
77152	1
77168	0
77178	1
77195	0
77205	1
77221	0
77231	1
77247	0
77257	1
77273	0
77285	1
77300	0
77309	1
77325	0
77336	1
77351	0
77362	1
77378	0
77388	1
77403	0
77415	1
77430	0
77441	1
77456	0
77467	1
77482	0
77493	1
77508	0
77520	1
77535	0
77546	1
77561	0
78830	1
78845	0
78856	1
78871	0
78882	1
78897	0
78909	1
78924	0
78935	1
78950	0
78961	1
78976	0
78987	1
79002	0
79014	1
79029	0
79040	1
79055	0
79065	1
79081	0
79091	1
79107	0
79117	1
79134	0
79144	1
79160	0
79170	1
79186	0
79196	1
79213	0
79222	1
79239	0
80507	1
80522	0
80533	1
80548	0
80560	1
80575	0
80586	1
80601	0
80612	1
80627	0
80638	1
80653	0
80664	1
80680	0
80690	1
80705	0
80716	1
80733	0
80743	1
80758	0
80769	1
80784	0
80795	1
80810	0
80822	1
80837	0
80848	1
80863	0
80874	1
80889	0
80900	1
80915	0
81345	1
81362	0
81372	1
81388	0
81398	1
81413	0
81424	1
81439	0
81451	1
81467	0
81477	1
81492	0
81503	1
81518	0
81529	1
81544	0
81555	1
81571	0
81582	1
81597	0
81608	1
81623	0
81634	1
81649	0
81660	1
81675	0
81687	1
81702	0
81712	1
81728	0
81739	1
81754	0
82185	1
82200	0
82211	1
82226	0
82237	1
82252	0
82263	1
82278	0
82288	1
82305	0
82315	1
82331	0
82342	1
82357	0
82367	1
82383	0
82393	1
82410	0
82420	1
82436	0
82446	1
82462	0
82472	1
82489	0
82499	1
82514	0
82525	1
82540	0
82554	1
82566	0
82577	1
82593	0
83022	1
83039	0
83049	1
83065	0
83075	1
83091	0
83101	1
83118	0
83128	1
83143	0
83154	1
83169	0
83180	1
83195	0
83207	1
83221	0
83233	1
83248	0
83259	1
83274	0
83285	1
83301	0
83311	1
83327	0
83338	1
83353	0
83364	1
83379	0
83390	1
83405	0
83416	1
83431	0
83868	1
83877	0
83888	1
83903	0
83914	1
83929	0
83940	1
83956	0
83967	1
83982	0
83993	1
84008	0
84019	1
84034	0
84045	1
84060	0
84070	1
84087	0
84097	1
84113	0
84123	1
84139	0
84149	1
84166	0
84176	1
84192	0
84202	1
84218	0
84228	1
84244	0
84254	1
84270	0
84700	1
84716	0
84726	1
84742	0
84752	1
84768	0
84779	1
84794	0
84805	1
84820	0
84831	1
84846	0
84858	1
84873	0
84884	1
84899	0
84910	1
84925	0
84937	1
84952	0
84962	1
84978	0
84988	1
85004	0
85014	1
85030	0
85040	1
85057	0
85067	1
85083	0
85093	1
85109	0
85538	1
85554	0
85564	1
85581	0
85592	1
85607	0
85617	1
85633	0
85643	1
85659	0
85669	1
85686	0
85696	1
85712	0
85722	1
85738	0
85748	1
85764	0
85774	1
85791	0
85801	1
85816	0
85827	1
85843	0
85853	1
85868	0
85879	1
85894	0
85906	1
85921	0
85933	1
85948	0
86377	1
86393	0
86403	1
86419	0
86429	1
86446	0
86456	1
86472	0
86482	1
86498	0
86508	1
86537	0
86538	1
86550	0
86561	1
86576	0
86587	1
86603	0
86614	1
86629	0
86640	1
86655	0
86665	1
86682	0
86692	1
86708	0
86718	1
86734	0
86744	1
86759	0
86770	1
86785	0
87217	1
87232	0
87242	1
87258	0
87268	1
87285	0
87295	1
87310	0
87321	1
87336	0
87347	1
87362	0
87373	1
87388	0
87400	1
87415	0
87426	1
87441	0
87452	1
87467	0
87478	1
87493	0
87505	1
87520	0
87531	1
87546	0
87557	1
87572	0
87582	1
87598	0
87610	1
87625	0
88894	1
88909	0
88920	1
88935	0
88946	1
88961	0
88972	1
88987	0
88999	1
89014	0
89024	1
89040	0
89050	1
89066	0
89076	1
89092	0
89102	1
89119	0
89129	1
89145	0
89155	1
89171	0
89181	1
89198	0
89208	1
89224	0
89234	1
89250	0
89260	1
89276	0
89286	1
89303	0
89732	1
89747	0
89759	1
89774	0
89784	1
89800	0
89810	1
89826	0
89836	1
89853	0
89863	1
89879	0
89889	1
89906	0
89916	1
89930	0
89942	1
89957	0
89969	1
89983	0
89994	1
90009	0
90021	1
90036	0
90046	1
90062	0
90072	1
90088	0
90098	1
90115	0
90125	1
90141	0
90570	1
90587	0
90597	1
90612	0
90623	1
90638	0
90649	1
90664	0
90676	1
90691	0
90702	1
90717	0
90728	1
90743	0
90754	1
90769	0
90781	1
90796	0
90806	1
90822	0
90832	1
90848	0
90858	1
90874	0
90884	1
90901	0
90911	1
90927	0
90937	1
90953	0
90963	1
90980	0
91409	1
91425	0
91436	1
91451	0
91462	1
91477	0
91488	1
91503	0
91514	1
91529	0
91540	1
91556	0
91566	1
91582	0
91593	1
91608	0
91618	1
91634	0
91644	1
91661	0
91671	1
91687	0
91697	1
91713	0
91723	1
91739	0
91749	1
91766	0
91776	1
91792	0
91811	1
91818	0
92247	1
92264	0
92274	1
92290	0
92300	1
92316	0
92326	1
92342	0
92352	1
92368	0
92379	1
92394	0
92405	1
92420	0
92431	1
92446	0
92458	1
92473	0
92484	1
92499	0
92510	1
92525	0
92536	1
92552	0
92563	1
92578	0
92588	1
92604	0
92614	1
92631	0
92641	1
92657	0
93087	1
93102	0
93113	1
93128	0
93139	1
93154	0
93165	1
93181	0
93191	1
93207	0
93218	1
93233	0
93244	1
93259	0
93269	1
93286	0
93296	1
93312	0
93322	1
93338	0
93348	1
93364	0
93374	1
93390	0
93400	1
93417	0
93427	1
93443	0
93453	1
93469	0
93479	1
93495	0
93924	1
93941	0
93951	1
93968	0
93977	1
93993	0
94003	1
94019	0
94029	1
94046	0
94056	1
94072	0
94082	1
94098	0
94108	1
94125	0
94135	1
94151	0
94161	1
94176	0
94187	1
94202	0
94213	1
94229	0
94239	1
94254	0
94266	1
94281	0
94292	1
94307	0
94318	1
94333	0
94763	1
94779	0
94789	1
94806	0
94816	1
94832	0
94843	1
94858	0
94868	1
94884	0
94894	1
94911	0
94921	1
94937	0
94947	1
94963	0
94973	1
94989	0
94999	1
95016	0
95026	1
95041	0
95052	1
95067	0
95078	1
95093	0
95105	1
95120	0
95131	1
95146	0
95157	1
95172	0
95602	1
95618	0
95628	1
95645	0
95655	1
95670	0
95681	1
95696	0
95707	1
95723	0
95733	1
95748	0
95760	1
95775	0
95786	1
95801	0
95811	1
95828	0
95838	1
95854	0
95864	1
95880	0
95890	1
95906	0
95916	1
95933	0
95943	1
95959	0
95969	1
96011	0
96441	1
96456	0
96467	1
96482	0
96494	1
96509	0
96529	1
96535	0
96546	1
96561	0
96571	1
96588	0
96598	1
96614	0
96624	1
96640	0
96650	1
96666	0
96677	1
96693	0
96703	1
96719	0
96729	1
96745	0
96755	1
96770	0
96782	1
96797	0
96808	1
96823	0
96834	1
96849	0
97279	1
97296	0
97306	1
97322	0
97332	1
97348	0
97358	1
97374	0
97384	1
97399	0
97411	1
97426	0
97437	1
97452	0
97463	1
97478	0
97489	1
97504	0
97516	1
97531	0
97542	1
97557	0
97568	1
97583	0
97594	1
97609	0
97621	1
97636	0
97646	1
97662	0
97672	1
97688	0
98118	1
98134	0
98144	1
98160	0
98170	1
98186	0
98196	1
98213	0
98223	1
98239	0
98249	1
98265	0
98275	1
98291	0
98302	1
98317	0
98328	1
98344	0
98354	1
98370	0
98380	1
98395	0
98407	1
98422	0
98433	1
98448	0
98459	1
98475	0
98484	1
98501	0
98512	1
98526	0
98957	1
98973	0
98983	1
98999	0
99009	1
99025	0
99035	1
99050	0
99062	1
99077	0
99088	1
99103	0
99114	1
99129	0
99141	1
99164	0
99167	1
99183	0
99193	1
99208	0
99219	1
99234	0
99244	1
99261	0
99271	1
99287	0
99297	1
99313	0
99323	1
99340	0
99350	1
99366	0
99796	1
99811	0
99822	1
99837	0
99848	1
99863	0
99874	1
99889	0
99901	1
99916	0
99927	1
99942	0
99952	1
99968	0
99978	1
99994	0
100005	1
100021	0
100031	1
100047	0
100057	1
100073	0
100083	1
100099	0
100110	1
100125	0
100136	1
100151	0
100163	1
100178	0
100189	1
100204	0
100634	1
100649	0
100661	1
100676	0
100687	1
100702	0
100713	1
100728	0
100739	1
100754	0
100766	1
100781	0
100792	1
100807	0
100817	1
100833	0
100844	1
100859	0
100869	1
100886	0
100896	1
100912	0
100922	1
100938	0
100948	1
100964	0
100974	1
100990	0
101000	1
101017	0
101027	1
101043	0
101472	1
101489	0
101499	1
101515	0
101525	1
101541	0
101551	1
101567	0
101578	1
101594	0
101604	1
101619	0
101630	1
101645	0
101656	1
101671	0
101683	1
101698	0
101709	1
101724	0
101735	1
101750	0
101761	1
101776	0
101787	1
101804	0
101813	1
101829	0
101839	1
101855	0
101865	1
101881	0
102312	1
102327	0
102337	1
102353	0
102364	1
102379	0
102390	1
102406	0
102416	1
102432	0
102443	1
102458	0
102468	1
102485	0
102495	1
102510	0
102521	1
102536	0
102547	1
102562	0
102574	1
102589	0
102600	1
102615	0
102626	1
102641	0
102652	1
102668	0
102678	1
102694	0
102704	1
102720	0
103150	1
103166	0
103176	1
103192	0
103202	1
103219	0
103228	1
103244	0
103254	1
103271	0
103281	1
103297	0
103307	1
103323	0
103333	1
103349	0
103359	1
103375	0
103385	1
103402	0
103412	1
103428	0
103438	1
103454	0
103464	1
103480	0
103490	1
103507	0
103517	1
103533	0
103543	1
103558	0
103989	1
104004	0
104015	1
104030	0
104041	1
104056	0
104067	1
104082	0
104094	1
104109	0
104120	1
104135	0
104146	1
104161	0
104173	1
104188	0
104198	1
104214	0
104224	1
104240	0
104250	1
104266	0
104276	1
104293	0
104303	1
104319	0
104329	1
104345	0
104355	1
104371	0
104381	1
104398	0
104827	1
104843	0
104853	1
104868	0
104880	1
104895	0
104906	1
104921	0
104932	1
104947	0
104959	1
104973	0
104985	1
105000	0
105018	1
105026	0
105037	1
105053	0
105063	1
105079	0
105089	1
105104	0
105115	1
105131	0
105142	1
105157	0
105168	1
105183	0
105194	1
105209	0
105220	1
105236	0
105666	1
105682	0
105692	1
105707	0
105719	1
105734	0
105744	1
105760	0
105770	1
105787	0
105797	1
105812	0
105823	1
105838	0
105850	1
105865	0
105876	1
105891	0
105901	1
105917	0
105927	1
105944	0
105954	1
105971	0
106008	1
106021	0
106033	1
106048	0
106059	1
106074	0
106504	1
106520	0
106530	1
106547	0
106557	1
106573	0
106583	1
106599	0
106609	1
106625	0
106635	1
106652	0
106662	1
106678	0
106688	1
106703	0
106714	1
106730	0
106740	1
106755	0
106767	1
106782	0
106793	1
106808	0
106819	1
106834	0
106845	1
106860	0
106871	1
106886	0
106898	1
106913	0
107344	1
107358	0
107370	1
107385	0
107396	1
107411	0
107422	1
107437	0
107448	1
107464	0
107474	1
107489	0
107501	1
107516	0
107527	1
107542	0
107552	1
107568	0
107578	1
107594	0
107606	1
107621	0
107631	1
107647	0
107657	1
107679	0
107684	1
107699	0
107710	1
107725	0
107737	1
107752	0
108182	1
108197	0
108207	1
108223	0
108234	1
108250	0
108261	1
108276	0
108287	1
108302	0
108312	1
108328	0
108338	1
108355	0
108365	1
108381	0
108391	1
108407	0
108418	1
108433	0
108443	1
108460	0
108470	1
108486	0
108496	1
108512	0
108522	1
108538	0
108548	1
108563	0
108575	1
108590	0
109020	1
109037	0
109047	1
109062	0
109073	1
109088	0
109099	1
109114	0
109125	1
109140	0
109152	1
109167	0
109178	1
109193	0
109204	1
109219	0
109231	1
109246	0
109256	1
109272	0
109282	1
109298	0
109308	1
109324	0
109334	1
109351	0
109361	1
109377	0
109387	1
109403	0
109413	1
109430	0
109859	1
109875	0
109885	1
109901	0
109911	1
109928	0
109938	1
109954	0
109964	1
109980	0
109990	1
110006	0
110016	1
110031	0
110042	1
110058	0
110069	1
110084	0
110095	1
110110	0
110121	1
110136	0
110148	1
110163	0
110174	1
110189	0
110200	1
110215	0
110226	1
110241	0
110253	1
110268	0
110698	1
110713	0
110724	1
110739	0
110750	1
110765	0
110777	1
110792	0
110803	1
110818	0
110828	1
110845	0
110855	1
110870	0
110882	1
110897	0
110908	1
110923	0
110933	1
110949	0
110959	1
110975	0
110985	1
111002	0
111012	1
111028	0
111038	1
111054	0
111066	1
111080	0
111091	1
111107	0
111536	1
111552	0
111562	1
111578	0
111588	1
111604	0
111614	1
111637	0
111641	1
111657	0
111668	1
111683	0
111693	1
111710	0
111720	1
111735	0
111746	1
111761	0
111771	1
111788	0
111798	1
111814	0
111824	1
111840	0
111850	1
111866	0
111876	1
111893	0
111903	1
111919	0
111929	1
111945	0
112382	1
112391	0
112401	1
112416	0
112428	1
112443	0
112454	1
112470	0
112480	1
112495	0
112506	1
112521	0
112533	1
112548	0
112558	1
112574	0
112584	1
112600	0
112610	1
112626	0
112636	1
112653	0
112663	1
112679	0
112689	1
112705	0
112715	1
112731	0
112741	1
112758	0
112768	1
112784	0
113213	1
113229	0
113239	1
113255	0
113265	1
113282	0
113292	1
113308	0
113318	1
113334	0
113345	1
113360	0
113370	1
113387	0
113397	1
113413	0
113423	1
113439	0
113449	1
113465	0
113475	1
113491	0
113501	1
113518	0
113528	1
113544	0
113554	1
113570	0
113580	1
113596	0
113606	1
113623	0
114052	1
114068	0
114078	1
114094	0
114105	1
114120	0
114131	1
114146	0
114157	1
114172	0
114183	1
114198	0
114210	1
114224	0
114236	1
114251	0
114262	1
114277	0
114288	1
114304	0
114315	1
114330	0
114341	1
114357	0
114366	1
114382	0
114393	1
114409	0
114419	1
114434	0
114445	1
114460	0
114890	1
114907	0
114917	1
114933	0
114943	1
114959	0
114970	1
114985	0
114995	1
115012	0
115022	1
115037	0
115047	1
115064	0
115074	1
115090	0
115100	1
115116	0
115126	1
115142	0
115152	1
115169	0
115179	1
115195	0
115205	1
115221	0
115231	1
115247	0
115257	1
115274	0
115284	1
115300	0
115729	1
115745	0
115755	1
115772	0
115782	1
115798	0
115808	1
115824	0
115834	1
115850	0
115861	1
115876	0
115887	1
115902	0
115913	1
115928	0
115939	1
115954	0
115966	1
116007	0
116017	1
116033	0
116044	1
116059	0
116071	1
116086	0
116096	1
116112	0
116122	1
116139	0
116568	1
116583	0
116596	1
116609	0
116621	1
116636	0
116647	1
116662	0
116673	1
116688	0
116699	1
116714	0
116726	1
116741	0
116752	1
116767	0
116777	1
116793	0
116803	1
116820	0
116830	1
116846	0
116856	1
116872	0
116882	1
116898	0
116908	1
116932	0
116935	1
116950	0
116961	1
116976	0
117407	1
117422	0
117433	1
117448	0
117460	1
117474	0
117486	1
117501	0
117512	1
117527	0
117538	1
117553	0
117563	1
117579	0
117590	1
117606	0
117616	1
117632	0
117642	1
117658	0
117674	1
117684	0
117695	1
117711	0
117721	1
117737	0
117747	1
117763	0
117773	1
117789	0
117800	1
117816	0
118247	1
118261	0
118271	1
118287	0
118298	1
118313	0
118324	1
118340	0
118349	1
118365	0
118376	1
118391	0
118403	1
118418	0
118429	1
118444	0
118455	1
118471	0
118481	1
118496	0
118508	1
118523	0
118534	1
118549	0
118560	1
118575	0
118587	1
118601	0
118613	1
118628	0
118639	1
118654	0
119084	1
119099	0
119110	1
119125	0
119137	1
119152	0
119163	1
119178	0
119189	1
119204	0
119215	1
119230	0
119242	1
119257	0
119268	1
119283	0
119293	1
119309	0
119319	1
119335	0
119346	1
119361	0
119373	1
119388	0
119398	1
119414	0
119424	1
119440	0
119450	1
119467	0
119476	1
119493	0
120761	1
120776	0
120787	1
120802	0
120814	1
120829	0
120840	1
120855	0
120866	1
120881	0
120892	1
120908	0
120919	1
120934	0
120945	1
120960	0
120972	1
120987	0
120997	1
121013	0
121023	1
121039	0
121049	1
121065	0
121075	1
121092	0
121102	1
121118	0
121128	1
121143	0
121154	1
121169	0
121600	1
121615	0
121625	1
121642	0
121652	1
121668	0
121679	1
121694	0
121705	1
121721	0
121731	1
121746	0
121758	1
121773	0
121784	1
121799	0
121809	1
121825	0
121835	1
121851	0
121861	1
121878	0
121888	1
121903	0
121914	1
121929	0
121941	1
121956	0
121967	1
121983	0
121993	1
122009	0
122439	1
122454	0
122464	1
122480	0
122491	1
122506	0
122516	1
122533	0
122543	1
122559	0
122569	1
122585	0
122596	1
122611	0
122621	1
122638	0
122648	1
122664	0
122674	1
122690	0
122700	1
122716	0
122726	1
122743	0
122753	1
122769	0
122779	1
122795	0
122805	1
122821	0
122831	1
122847	0
123278	1
123293	0
123303	1
123319	0
123329	1
123346	0
123355	1
123371	0
123381	1
123398	0
123408	1
123424	0
123434	1
123450	0
123460	1
123476	0
123486	1
123503	0
123527	1
123528	0
123539	1
123555	0
123565	1
123581	0
123591	1
123608	0
123618	1
123634	0
123644	1
123659	0
123670	1
123685	0
124115	1
124132	0
124142	1
124158	0
124168	1
124184	0
124194	1
124209	0
124222	1
124237	0
124247	1
124266	0
124273	1
124289	0
124299	1
124315	0
124325	1
124341	0
124351	1
124368	0
124378	1
124393	0
124404	1
124419	0
124430	1
124445	0
124457	1
124472	0
124483	1
124498	0
124509	1
124524	0
124955	1
124971	0
124981	1
124996	0
125007	1
125022	0
125033	1
125049	0
125059	1
125075	0
125085	1
125101	0
125111	1
125127	0
125137	1
125154	0
125164	1
125180	0
125190	1
125206	0
125216	1
125232	0
125242	1
125259	0
125269	1
125285	0
125295	1
125311	0
125321	1
125336	0
125347	1
125364	0
125793	1
125808	0
125820	1
125835	0
125846	1
125861	0
125872	1
125887	0
125897	1
125913	0
125923	1
125940	0
125950	1
125966	0
126003	1
126018	0
126029	1
126045	0
126055	1
126070	0
126081	1
126097	0
126107	1
126123	0
126133	1
126150	0
126160	1
126202	0
126632	1
126647	0
126658	1
126673	0
126684	1
126699	0
126711	1
126725	0
126737	1
126752	0
126763	1
126778	0
126789	1
126804	0
126814	1
126831	0
126841	1
126857	0
126867	1
126883	0
126893	1
126909	0
126926	1
126935	0
126946	1
126961	0
126972	1
126987	0
126999	1
127014	0
127025	1
127040	0
127471	1
127486	0
127498	1
127512	0
127523	1
127539	0
127548	1
127565	0
127575	1
127590	0
127601	1
127617	0
127628	1
127643	0
127654	1
127669	0
127679	1
127695	0
127705	1
127722	0
127732	1
127748	0
127758	1
127774	0
127784	1
127801	0
127811	1
127827	0
127837	1
127853	0
127863	1
127878	0
128309	1
128324	0
128335	1
128351	0
128361	1
128377	0
128387	1
128403	0
128413	1
128429	0
128439	1
128456	0
128466	1
128482	0
128492	1
128508	0
128518	1
128535	0
128545	1
128561	0
128571	1
128586	0
128597	1
128612	0
128623	1
128638	0
128650	1
128665	0
128676	1
128691	0
128702	1
128717	0
129147	1
129163	0
129173	1
129190	0
129200	1
129215	0
129226	1
129242	0
129252	1
129267	0
129278	1
129294	0
129305	1
129320	0
129331	1
129347	0
129357	1
129372	0
129383	1
129398	0
129410	1
129425	0
129436	1
129451	0
129462	1
129477	0
129488	1
129503	0
129515	1
129530	0
129541	1
129556	0
129986	1
130002	0
130013	1
130028	0
130038	1
130054	0
130064	1
130080	0
130090	1
130107	0
130117	1
130133	0
130147	1
130159	0
130170	1
130185	0
130196	1
130212	0
130223	1
130238	0
130248	1
130264	0
130274	1
130290	0
130300	1
130317	0
130327	1
130342	0
130353	1
130369	0
130379	1
130395	0
130824	1
130840	0
130851	1
130866	0
130878	1
130893	0
130904	1
130919	0
130929	1
130945	0
130955	1
130973	0
130982	1
130998	0
131008	1
131024	0
131034	1
131050	0
131060	1
131077	0
131087	1
131103	0
131113	1
131129	0
131139	1
131154	0
131166	1
131181	0
131192	1
131207	0
131218	1
131233	0
131664	1
131679	0
131689	1
131705	0
131715	1
131731	0
131741	1
131758	0
131768	1
131784	0
131794	1
131810	0
131820	1
131837	0
131848	1
131863	0
131873	1
131889	0
131899	1
131915	0
131925	1
131941	0
131951	1
131968	0
131977	1
131994	0
132004	1
132020	0
132030	1
132046	0
132056	1
132071	0
132501	1
132518	0
132528	1
132544	0
132554	1
132570	0
132580	1
132598	0
132606	1
132623	0
132633	1
132649	0
132659	1
132675	0
132685	1
132702	0
132712	1
132728	0
132738	1
132754	0
132764	1
132780	0
132791	1
132806	0
132817	1
132832	0
132842	1
132858	0
132869	1
132884	0
132894	1
132911	0
133341	1
133356	0
133367	1
133382	0
133393	1
133408	0
133419	1
133434	0
133446	1
133461	0
133473	1
133487	0
133498	1
133513	0
133524	1
133539	0
133550	1
133566	0
133577	1
133592	0
133603	1
133618	0
133629	1
133644	0
133656	1
133671	0
133682	1
133697	0
133707	1
133723	0
133734	1
133749	0
134180	1
134195	0
134206	1
134221	0
134232	1
134247	0
134258	1
134273	0
134284	1
134299	0
134310	1
134326	0
134337	1
134352	0
134363	1
134378	0
134389	1
134404	0
134415	1
134431	0
134442	1
134457	0
134467	1
134483	0
134494	1
134509	0
134521	1
134536	0
134546	1
134562	0
134572	1
134588	0
135018	1
135033	0
135044	1
135059	0
135071	1
135086	0
135098	1
135112	0
135123	1
135138	0
135149	1
135164	0
135174	1
135191	0
135201	1
135217	0
135228	1
135243	0
135253	1
135269	0
135279	1
135296	0
135306	1
135322	0
135332	1
135348	0
135358	1
135374	0
135384	1
135401	0
135411	1
135426	0
135856	1
135872	0
135882	1
135898	0
135909	1
135925	0
135935	1
135950	0
135962	1
136004	0
136014	1
136029	0
136040	1
136055	0
136067	1
136082	0
136093	1
136108	0
136118	1
136135	0
136145	1
136161	0
136171	1
136186	0
136197	1
136213	0
136224	1
136239	0
136249	1
136265	0
136695	1
136710	0
136723	1
136736	0
136748	1
136763	0
136783	1
136789	0
136800	1
136816	0
136826	1
136842	0
136852	1
136868	0
136878	1
136895	0
136905	1
136921	0
136931	1
136946	0
136957	1
136973	0
136983	1
136998	0
137010	1
137025	0
137036	1
137051	0
137062	1
137077	0
137089	1
137104	0
137534	1
137549	0
137560	1
137576	0
137586	1
137602	0
137612	1
137628	0
137638	1
137653	0
137665	1
137681	0
137691	1
137706	0
137717	1
137733	0
137743	1
137758	0
137770	1
137785	0
137796	1
137811	0
137822	1
137837	0
137848	1
137864	0
137874	1
137890	0
137900	1
137917	0
137927	1
137943	0
139212	1
139226	0
139238	1
139253	0
139264	1
139279	0
139289	1
139305	0
139315	1
139332	0
139342	1
139358	0
139368	1
139384	0
139394	1
139410	0
139427	1
139436	0
139447	1
139462	0
139474	1
139489	0
139500	1
139515	0
139525	1
139541	0
139551	1
139568	0
139578	1
139594	0
139604	1
139620	0
140888	1
140903	0
140915	1
140930	0
140941	1
140956	0
140967	1
140982	0
140993	1
141008	0
141020	1
141035	0
141046	1
141061	0
141072	1
141087	0
141099	1
141114	0
141124	1
141140	0
141150	1
141166	0
141176	1
141192	0
141202	1
141219	0
141229	1
141245	0
141255	1
141271	0
141281	1
141298	0
141726	1
141743	0
141753	1
141769	0
141779	1
141795	0
141805	1
141822	0
141832	1
141849	0
141858	1
141874	0
141884	1
141900	0
141910	1
141926	0
141936	1
141953	0
141963	1
141979	0
141989	1
142005	0
142015	1
142031	0
142041	1
142061	0
142068	1
142083	0
142094	1
142109	0
142120	1
142135	0
142566	1
142581	0
142592	1
142607	0
142618	1
142633	0
142644	1
142659	0
142671	1
142686	0
142697	1
142712	0
142724	1
142738	0
142749	1
142764	0
142776	1
142791	0
142804	1
142818	0
142828	1
142843	0
142854	1
142869	0
142880	1
142896	0
142906	1
142922	0
142932	1
142948	0
142958	1
142974	0
143404	1
143420	0
143430	1
143446	0
143457	1
143473	0
143483	1
143498	0
143509	1
143524	0
143535	1
143551	0
143561	1
143577	0
143587	1
143603	0
143613	1
143629	0
143639	1
143656	0
143666	1
143682	0
143692	1
143708	0
143718	1
143734	0
143744	1
143761	0
143771	1
143787	0
143797	1
143813	0
144242	1
144259	0
144269	1
144285	0
144295	1
144311	0
144321	1
144336	0
144349	1
144364	0
144374	1
144389	0
144400	1
144415	0
144426	1
144441	0
144453	1
144468	0
144479	1
144494	0
144505	1
144520	0
144532	1
144547	0
144558	1
144573	0
144583	1
144599	0
144610	1
144625	0
144635	1
144652	0
145081	1
145096	0
145108	1
145123	0
145134	1
145149	0
145160	1
145175	0
145187	1
145202	0
145213	1
145228	0
145239	1
145254	0
145265	1
145280	0
145290	1
145307	0
145317	1
145333	0
145343	1
145359	0
145369	1
145386	0
145396	1
145412	0
145422	1
145441	0
145448	1
145464	0
145474	1
145490	0
145920	1
145936	0
145946	1
145962	0
145973	1
145996	0
145998	1
146015	0
146025	1
146041	0
146051	1
146067	0
146078	1
146093	0
146104	1
146119	0
146130	1
146146	0
146156	1
146171	0
146183	1
146198	0
146208	1
146225	0
146235	1
146250	0
146260	1
146276	0
146286	1
146303	0
146313	1
146329	0
159576	1
159591	0
159602	1
159619	0
159629	1
159644	0
159655	1
159670	0
159681	1
159696	0
159708	1
159723	0
159734	1
159749	0
159760	1
159775	0
159786	1
159801	0
159811	1
159828	0
159838	1
159854	0
159864	1
159880	0
159890	1
159906	0
159916	1
159933	0
159943	1
159959	0
159969	1
159985	0
159995	1
160016	0
160021	1
160037	0
160047	1
160064	0
160074	1
160090	0
160101	1
160116	0
160126	1
160143	0
160153	1
160169	0
160179	1
160195	0
160205	1
160220	0
160231	1
160247	0
160257	1
160274	0
160284	1
160299	0
160310	1
160325	0
160336	1
160352	0
160362	1
160377	0
160389	1
160404	0
160415	1
160430	0
160441	1
160456	0
160468	1
160482	0
160494	1
160509	0
160520	1
160535	0
160546	1
160561	0
160573	1
160588	0
160598	1
160615	0
160624	1
160640	0
160651	1
160666	0
160676	1
160693	0
160703	1
160719	0
160729	1
160745	0
160755	1
160771	0
160781	1
160798	0
160808	1
160824	0
160834	1
160849	0
160860	1
160876	0
160886	1
160903	0
160913	1
160928	0
160939	1
160954	0
160965	1
160981	0
160991	1
161006	0
161018	1
161033	0
161044	1
161059	0
161070	1
161085	0
161097	1
161112	0
161123	1
161138	0
161149	1
161164	0
161174	1
161190	0
161200	1
161217	0
161228	1
161243	0
161253	1
161269	0
161279	1
161295	0
161305	1
161322	0
161332	1
161348	0
161358	1
161373	0
161384	1
161399	0
161411	1
161426	0
161437	1
161452	0
161463	1
161478	0
161489	1
161504	0
161516	1
161531	0
161542	1
161557	0
161568	1
161583	0
161595	1
161609	0
161621	1
161636	0
161647	1
161662	0
161673	1
161688	0
161699	1
161714	0
161725	1
161741	0
161752	1
161767	0
161778	1
161793	0
161803	1
161819	0
161829	1
161846	0
161856	1
161872	0
161882	1
161903	0
161908	1
161925	0
161935	1
161951	0
161961	1
161979	0
161988	1
162003	0
162013	1
162029	0
162039	1
162055	0
162066	1
162082	0
162092	1
162108	0
162118	1
162134	0
162144	1
162159	0
162171	1
162186	0
162197	1
162212	0
162223	1
162238	0
162249	1
162264	0
162276	1
162291	0
162302	1
162317	0
162328	1
162343	0
162354	1
162369	0
162381	1
162396	0
162407	1
162422	0
162433	1
162448	0
162458	1
162476	0
162486	1
162501	0
162511	1
162527	0
162537	1
162553	0
162563	1
162580	0
162590	1
162606	0
162616	1
162632	0
162644	1
162658	0
162669	1
162684	0
162695	1
162710	0
162721	1
162736	0
162747	1
162763	0
162774	1
162789	0
162800	1
162815	0
162826	1
162841	0
162853	1
162868	0
162878	1
162894	0
162904	1
162920	0
164608	1
164623	0
164634	1
164650	0
164660	1
164677	0
164687	1
164702	0
164713	1
164729	0
164739	1
164754	0
164765	1
164780	0
164792	1
164807	0
164818	1
164833	0
164844	1
164859	0
164870	1
164885	0
164896	1
164912	0
164923	1
164938	0
164949	1
164964	0
164976	1
164990	0
165001	1
165016	0
166285	1
166301	0
166311	1
166326	0
166338	1
166354	0
166364	1
166380	0
166390	1
166405	0
166416	1
166431	0
166443	1
166458	0
166469	1
166484	0
166495	1
166510	0
166521	1
166536	0
166548	1
166563	0
166574	1
166589	0
166601	1
166615	0
166634	1
166641	0
166652	1
166667	0
166678	1
166693	0
167962	1
167978	0
167989	1
168004	0
168015	1
168030	0
168041	1
168056	0
168068	1
168083	0
168094	1
168109	0
168120	1
168135	0
168145	1
168162	0
168172	1
168188	0
168198	1
168214	0
168224	1
168240	0
168250	1
168266	0
168276	1
168293	0
168303	1
168319	0
168329	1
168345	0
168355	1
168371	0
168801	1
168816	0
168828	1
168843	0
168854	1
168869	0
168880	1
168895	0
168906	1
168921	0
168933	1
168948	0
168958	1
168974	0
168985	1
169000	0
169011	1
169026	0
169037	1
169052	0
169062	1
169079	0
169089	1
169105	0
169115	1
169131	0
169141	1
169158	0
169168	1
169184	0
169194	1
169210	0
169640	1
169655	0
169666	1
169681	0
169693	1
169708	0
169719	1
169734	0
169745	1
169760	0
169771	1
169786	0
169796	1
169813	0
169823	1
169840	0
169849	1
169864	0
169875	1
169892	0
169902	1
169918	0
169928	1
169943	0
169954	1
169969	0
169981	1
169996	0
170007	1
170022	0
170033	1
170048	0
170479	1
170494	0
170505	1
170520	0
170531	1
170546	0
170557	1
170572	0
170585	1
170599	0
170609	1
170625	0
170635	1
170652	0
170662	1
170678	0
170688	1
170704	0
170714	1
170730	0
170740	1
170757	0
170767	1
170783	0
170793	1
170808	0
170819	1
170834	0
170845	1
170861	0
170871	1
170886	0
172155	1
172171	0
172181	1
172198	0
172208	1
172224	0
172234	1
172250	0
172260	1
172276	0
172286	1
172303	0
172313	1
172329	0
172339	1
172355	0
172365	1
172381	0
172392	1
172407	0
172418	1
172433	0
172444	1
172459	0
172470	1
172485	0
172496	1
172512	0
172523	1
172538	0
172549	1
172564	0
172994	1
173010	0
173020	1
173037	0
173047	1
173063	0
173073	1
173088	0
173099	1
173114	0
173125	1
173140	0
173152	1
173167	0
173178	1
173193	0
173204	1
173219	0
173230	1
173245	0
173257	1
173272	0
173283	1
173298	0
173309	1
173324	0
173334	1
173351	0
173362	1
173377	0
173387	1
173403	0
173833	1
173849	0
173858	1
173875	0
173886	1
173901	0
173912	1
173927	0
173938	1
173953	0
173964	1
173979	0
173991	1
174006	0
174017	1
174032	0
174042	1
174058	0
174068	1
174085	0
174095	1
174111	0
174121	1
174137	0
174147	1
174163	0
174173	1
174190	0
174200	1
174216	0
174227	1
174242	0
175511	1
175526	0
175537	1
175552	0
175562	1
175578	0
175588	1
175604	0
175614	1
175631	0
175641	1
175657	0
175667	1
175683	0
175693	1
175709	0
175719	1
175736	0
175746	1
175762	0
175772	1
175788	0
175798	1
175813	0
175825	1
175840	0
175851	1
175866	0
175877	1
175893	0
175903	1
175919	0
177188	1
177210	0
177214	1
177229	0
177240	1
177255	0
177266	1
177281	0
177293	1
177308	0
177318	1
177334	0
177344	1
177360	0
177370	1
177386	0
177396	1
177413	0
177423	1
177439	0
177449	1
177465	0
177475	1
177491	0
177501	1
177518	0
177528	1
177544	0
177554	1
177570	0
177580	1
177597	0
178026	1
178041	0
178053	1
178068	0
178079	1
178094	0
178104	1
178120	0
178130	1
178147	0
178157	1
178173	0
178183	1
178199	0
178209	1
178225	0
178235	1
178251	0
178261	1
178278	0
178288	1
178304	0
178314	1
178330	0
178340	1
178356	0
178366	1
178383	0
178393	1
178409	0
178419	1
178434	0
179703	1
179719	0
179729	1
179745	0
179755	1
179772	0
179782	1
179798	0
179808	1
179824	0
179834	1
179851	0
179860	1
179876	0
179887	1
179902	0
179913	1
179928	0
179939	1
179954	0
179966	1
179981	0
179992	1
180007	0
180018	1
180033	0
180044	1
180059	0
180071	1
180086	0
180096	1
180112	0
180542	1
180557	0
180569	1
180584	0
180595	1
180610	0
180621	1
180636	0
180646	1
180662	0
180672	1
180689	0
180699	1
180715	0
180725	1
180741	0
180751	1
180767	0
180777	1
180794	0
180804	1
180820	0
180830	1
180846	0
180856	1
180871	0
180883	1
180898	0
180909	1
180924	0
180935	1
180950	0
181381	1
181396	0
181407	1
181422	0
181433	1
181448	0
181460	1
181475	0
181486	1
181501	0
181512	1
181527	0
181538	1
181553	0
181564	1
181580	0
181590	1
181606	0
181617	1
181632	0
181643	1
181658	0
181668	1
181684	0
181694	1
181711	0
181721	1
181739	0
181748	1
181763	0
181774	1
181789	0
183058	1
183073	0
183084	1
183100	0
183111	1
183126	0
183136	1
183153	0
183163	1
183179	0
183189	1
183204	0
183215	1
183230	0
183241	1
183256	0
183268	1
183283	0
183294	1
183309	0
183320	1
183335	0
183347	1
183361	0
183373	1
183388	0
183399	1
183414	0
183425	1
183440	0
183450	1
183466	0
184734	1
184751	0
184761	1
184777	0
184787	1
184803	0
184813	1
184830	0
184840	1
184856	0
184866	1
184882	0
184892	1
184908	0
184918	1
184935	0
184945	1
184960	0
184971	1
184987	0
184997	1
185013	0
185023	1
185038	0
185050	1
185065	0
185076	1
185091	0
185102	1
185144	0
185573	1
185590	0
185600	1
185616	0
185626	1
185642	0
185652	1
185668	0
185678	1
185700	0
185704	1
185721	0
185731	1
185746	0
185757	1
185773	0
185783	1
185799	0
185809	1
185825	0
185835	1
185852	0
185862	1
185877	0
185888	1
185903	0
185915	1
185930	0
185941	1
185956	0
185967	1
185999	0
187251	1
187266	0
187278	1
187293	0
187303	1
187319	0
187329	1
187345	0
187355	1
187371	0
187381	1
187398	0
187408	1
187424	0
187434	1
187450	0
187460	1
187477	0
187486	1
187503	0
187513	1
187529	0
187539	1
187555	0
187565	1
187582	0
187592	1
187608	0
187618	1
187634	0
187644	1
187660	0
188928	1
188944	0
188954	1
188971	0
188980	1
188997	0
189007	1
189023	0
189033	1
189049	0
189059	1
189074	0
189086	1
189101	0
189111	1
189127	0
189138	1
189153	0
189164	1
189180	0
189191	1
189206	0
189216	1
189232	0
189243	1
189258	0
189269	1
189284	0
189294	1
189311	0
189321	1
189337	0
189767	1
189783	0
189793	1
189809	0
189819	1
189835	0
189845	1
189862	0
189872	1
189888	0
189898	1
189913	0
189924	1
189939	0
189950	1
189965	0
189977	1
189991	0
190003	1
190018	0
190029	1
190044	0
190055	1
190070	0
190082	1
190097	0
190108	1
190123	0
190134	1
190149	0
190160	1
190176	0
190606	1
190621	0
190632	1
190647	0
190658	1
190673	0
190684	1
190700	0
190711	1
190726	0
190737	1
190752	0
190763	1
190778	0
190789	1
190804	0
190814	1
190831	0
190841	1
190857	0
190868	1
190883	0
190893	1
190909	0
190919	1
190936	0
190946	1
190962	0
190972	1
190988	0
190998	1
191015	0
192282	1
192298	0
192309	1
192325	0
192335	1
192351	0
192362	1
192377	0
192387	1
192404	0
192414	1
192429	0
192440	1
192455	0
192467	1
192481	0
192493	1
192508	0
192519	1
192534	0
192545	1
192560	0
192570	1
192587	0
192597	1
192613	0
192623	1
192639	0
192649	1
192665	0
192675	1
192692	0
193122	1
193137	0
193148	1
193163	0
193173	1
193189	0
193199	1
193216	0
193226	1
193242	0
193252	1
193268	0
193278	1
193294	0
193304	1
193321	0
193331	1
193347	0
193357	1
193373	0
193383	1
193399	0
193409	1
193426	0
193436	1
193452	0
193462	1
193477	0
193488	1
193504	0
193514	1
193529	0
193960	1
193976	0
193986	1
194001	0
194013	1
194028	0
194039	1
194054	0
194065	1
194080	0
194092	1
194106	0
194118	1
194133	0
194143	1
194159	0
194169	1
194185	0
194195	1
194212	0
194222	1
194238	0
194248	1
194264	0
194274	1
194291	0
194301	1
194317	0
194327	1
194342	0
194353	1
194373	0
195638	1
195653	0
195664	1
195683	0
195689	1
195705	0
195715	1
195731	0
195743	1
195758	0
195768	1
195784	0
195794	1
195810	0
195820	1
195837	0
195847	1
195863	0
195873	1
195889	0
195899	1
195915	0
195925	1
195942	0
195952	1
195968	0
196004	1
196020	0
196030	1
196046	0
196476	1
196492	0
196502	1
196517	0
196528	1
196543	0
196555	1
196570	0
196581	1
196596	0
196607	1
196622	0
196633	1
196649	0
196660	1
196675	0
196686	1
196701	0
196711	1
196727	0
196737	1
196754	0
196764	1
196780	0
196790	1
196806	0
196816	1
196832	0
196843	1
196859	0
196869	1
196885	0
197314	1
197330	0
197340	1
197356	0
197366	1
197383	0
197393	1
197409	0
197419	1
197435	0
197445	1
197462	0
197472	1
197488	0
197498	1
197514	0
197524	1
197540	0
197550	1
197565	0
197577	1
197599	0
197603	1
197619	0
197630	1
197645	0
197655	1
197670	0
197681	1
197697	0
197707	1
197723	0
198153	1
198169	0
198179	1
198195	0
198205	1
198220	0
198231	1
198248	0
198258	1
198274	0
198284	1
198299	0
198310	1
198325	0
198337	1
198352	0
198363	1
198379	0
198389	1
198405	0
198415	1
198430	0
198442	1
198457	0
198468	1
198483	0
198494	1
198509	0
198520	1
198535	0
198547	1
198562	0
198992	1
199007	0
199018	1
199033	0
199045	1
199060	0
199071	1
199086	0
199096	1
199112	0
199122	1
199139	0
199149	1
199165	0
199175	1
199191	0
199201	1
199218	0
199228	1
199244	0
199254	1
199270	0
199280	1
199295	0
199306	1
199321	0
199333	1
199348	0
199359	1
199374	0
199385	1
199400	0
199830	1
199846	0
199857	1
199872	0
199883	1
199898	0
199909	1
199924	0
199936	1
199951	0
199962	1
199977	0
199988	1
200003	0
200014	1
200029	0
200039	1
200056	0
200066	1
200082	0
200092	1
200108	0
200118	1
200135	0
200145	1
200161	0
200171	1
200187	0
200197	1
200213	0
200223	1
200239	0
200669	1
200684	0
200696	1
200711	0
200721	1
200737	0
200748	1
200763	0
200773	1
200789	0
200799	1
200816	0
200826	1
200842	0
200852	1
200868	0
200878	1
200895	0
200905	1
200921	0
200931	1
200947	0
200957	1
200973	0
200983	1
200999	0
201009	1
201026	0
201036	1
201052	0
201062	1
201077	0
201507	1
201523	0
201540	1
201550	0
201561	1
201576	0
201586	1
201601	0
201612	1
201628	0
201639	1
201654	0
201665	1
201680	0
201692	1
201707	0
201718	1
201733	0
201744	1
201759	0
201769	1
201785	0
201795	1
201812	0
201822	1
201838	0
201848	1
201864	0
201875	1
201890	0
201901	1
201916	0
202346	1
202362	0
202372	1
202389	0
202399	1
202414	0
202425	1
202440	0
202451	1
202466	0
202478	1
202492	0
202504	1
202519	0
202530	1
202545	0
202556	1
202571	0
202583	1
202598	0
202609	1
202624	0
202635	1
202650	0
202660	1
202676	0
202686	1
202703	0
202713	1
202729	0
202739	1
202755	0
203185	1
203200	0
203211	1
203226	0
203237	1
203252	0
203264	1
203279	0
203290	1
203305	0
203316	1
203331	0
203343	1
203357	0
203369	1
203384	0
203395	1
203410	0
203420	1
203436	0
203446	1
203463	0
203473	1
203489	0
203499	1
203515	0
203525	1
203541	0
203551	1
203568	0
203578	1
203594	0
204024	1
204039	0
204050	1
204065	0
204076	1
204091	0
204103	1
204118	0
204129	1
204144	0
204155	1
204170	0
204187	1
204197	0
204207	1
204222	0
204233	1
204249	0
204260	1
204275	0
204286	1
204301	0
204312	1
204327	0
204338	1
204353	0
204364	1
204379	0
204391	1
204406	0
204417	1
204432	0
204862	1
204877	0
204889	1
204904	0
204915	1
204933	0
204941	1
204956	0
204967	1
204982	0
204993	1
205008	0
205020	1
205035	0
205046	1
205061	0
205072	1
205087	0
205097	1
205114	0
205124	1
205140	0
205150	1
205166	0
205176	1
205193	0
205203	1
205219	0
205229	1
205245	0
205255	1
205271	0
205701	1
205716	0
205727	1
205742	0
205753	1
205768	0
205780	1
205795	0
205806	1
205821	0
205831	1
205848	0
205859	1
205874	0
205884	1
205900	0
205910	1
205926	0
205936	1
205953	0
205963	1
206005	0
206015	1
206030	0
206041	1
206058	0
206068	1
206083	0
206094	1
206109	0
206539	1
206555	0
206565	1
206582	0
206592	1
206608	0
206618	1
206634	0
206644	1
206660	0
206670	1
206687	0
206697	1
206712	0
206723	1
206739	0
206749	1
206764	0
206775	1
206790	0
206802	1
206817	0
206828	1
206843	0
206861	1
206869	0
206880	1
206896	0
206906	1
206922	0
206933	1
206948	0
207377	1
207394	0
207404	1
207420	0
207430	1
207446	0
207456	1
207473	0
207482	1
207499	0
207509	1
207525	0
207535	1
207551	0
207561	1
207578	0
207588	1
207607	0
207614	1
207630	0
207640	1
207655	0
207666	1
207681	0
207693	1
207708	0
207719	1
207734	0
207745	1
207760	0
207772	1
207787	0
208217	1
208233	0
208243	1
208259	0
208270	1
208285	0
208295	1
208311	0
208321	1
208338	0
208348	1
208364	0
208374	1
208390	0
208400	1
208415	0
208426	1
208441	0
208453	1
208468	0
208479	1
208494	0
208505	1
208520	0
208531	1
208546	0
208558	1
208573	0
208584	1
208599	0
208610	1
208625	0
209056	1
209071	0
209082	1
209097	0
209108	1
209123	0
209134	1
209149	0
209159	1
209176	0
209186	1
209202	0
209212	1
209228	0
209238	1
209254	0
209264	1
209281	0
209291	1
209307	0
209317	1
209333	0
209343	1
209359	0
209369	1
209386	0
209396	1
209412	0
209422	1
209438	0
209448	1
209464	0
209894	1
209909	0
209920	1
209935	0
209947	1
209962	0
209973	1
209988	0
209998	1
210014	0
210025	1
210040	0
210051	1
210066	0
210078	1
210093	0
210104	1
210119	0
210129	1
210145	0
210156	1
210172	0
210182	1
210198	0
210208	1
210224	0
210234	1
210251	0
210261	1
210277	0
210287	1
210303	0
210733	1
210748	0
210758	1
210775	0
210785	1
210801	0
210817	1
210827	0
210838	1
210853	0
210863	1
210880	0
210889	1
210905	0
210916	1
210931	0
210942	1
210957	0
210969	1
210983	0
210995	1
211010	0
211021	1
211036	0
211047	1
211062	0
211074	1
211089	0
211099	1
211115	0
211125	1
211141	0
211572	1
211587	0
211597	1
211612	0
211624	1
211639	0
211650	1
211665	0
211676	1
211691	0
211703	1
211718	0
211729	1
211744	0
211755	1
211770	0
211781	1
211796	0
211808	1
211823	0
211833	1
211849	0
211860	1
211875	0
211885	1
211901	0
211911	1
211928	0
211938	1
211954	0
211964	1
211980	0
212410	1
212425	0
212437	1
212452	0
212462	1
212478	0
212488	1
212504	0
212514	1
212530	0
212540	1
212557	0
212567	1
212583	0
212593	1
212609	0
212619	1
212635	0
212645	1
212662	0
212672	1
212688	0
212698	1
212713	0
212724	1
212739	0
212751	1
212766	0
212777	1
212792	0
212803	1
212818	0
214087	1
214102	0
214114	1
214129	0
214140	1
214155	0
214166	1
214181	0
214191	1
214210	0
214218	1
214233	0
214245	1
214260	0
214271	1
214286	0
214297	1
214312	0
214322	1
214339	0
214349	1
214365	0
214376	1
214391	0
214402	1
214417	0
214427	1
214443	0
214453	1
214470	0
214480	1
214496	0
214926	1
214941	0
214952	1
214967	0
214979	1
214993	0
215005	1
215020	0
215031	1
215046	0
215056	1
215072	0
215082	1
215099	0
215109	1
215125	0
215135	1
215151	0
215161	1
215178	0
215188	1
215204	0
215214	1
215230	0
215240	1
215256	0
215266	1
215283	0
215293	1
215308	0
215319	1
215334	0
215764	1
215780	0
215790	1
215807	0
215817	1
215832	0
215843	1
215859	0
215869	1
215885	0
215895	1
215910	0
215922	1
215937	0
215948	1
215963	0
215974	1
216015	0
216027	1
216042	0
216053	1
216068	0
216079	1
216094	0
216105	1
216122	0
216131	1
216147	0
216157	1
216173	0
216603	1
216619	0
216629	1
216645	0
216655	1
216671	0
216681	1
216698	0
216708	1
216724	0
216734	1
216750	0
216760	1
216776	0
216786	1
216801	0
216813	1
216828	0
216839	1
216863	0
216865	1
216880	0
216891	1
216906	0
216918	1
216933	0
216944	1
216959	0
216970	1
216985	0
216996	1
217011	0
217441	1
217458	0
217468	1
217484	0
217494	1
217510	0
217520	1
217535	0
217546	1
217561	0
217573	1
217588	0
217599	1
217614	0
217625	1
217640	0
217651	1
217666	0
217678	1
217693	0
217704	1
217719	0
217730	1
217745	0
217756	1
217771	0
217783	1
217798	0
217809	1
217824	0
217835	1
217850	0
218280	1
218295	0
218307	1
218322	0
218333	1
218348	0
218359	1
218374	0
218385	1
218400	0
218412	1
218427	0
218438	1
218453	0
218463	1
218479	0
218490	1
218505	0
218515	1
218532	0
218542	1
218558	0
218568	1
218584	0
218594	1
218610	0
218620	1
218637	0
218647	1
218663	0
218673	1
218689	0
219957	1
219973	0
219984	1
219999	0
220009	1
220026	0
220036	1
220052	0
220065	1
220078	0
220089	1
220104	0
220115	1
220130	0
220140	1
220157	0
220167	1
220183	0
220193	1
220209	0
220219	1
220235	0
220245	1
220262	0
220272	1
220288	0
220298	1
220314	0
220324	1
220340	0
220350	1
220367	0
220823	1
220838	0
220849	1
220864	0
220874	1
220890	0
220900	1
220917	0
220927	1
220943	0
220953	1
220969	0
220979	1
220996	0
221006	1
221022	0
221032	1
221047	0
221058	1
221073	0
221085	1
221100	0
221111	1
221126	0
221137	1
221152	0
221163	1
221178	0
221190	1
221205	0
221635	1
221651	0
221661	1
221676	0
221687	1
221702	0
221714	1
221729	0
221740	1
221755	0
221766	1
221781	0
221792	1
221807	0
221818	1
221834	0
221845	1
221860	0
221871	1
221886	0
221897	1
221912	0
221923	1
221938	0
221950	1
221965	0
221975	1
221991	0
222002	1
222017	0
222028	1
222043	0
223312	1
223327	0
223339	1
223354	0
223365	1
223380	0
223391	1
223406	0
223417	1
223432	0
223450	1
223458	0
223469	1
223485	0
223495	1
223512	0
223522	1
223538	0
223548	1
223563	0
223574	1
223589	0
223600	1
223615	0
223627	1
223642	0
223653	1
223668	0
223679	1
223694	0
223706	1
223721	0
224150	1
224166	0
224176	1
224193	0
224203	1
224219	0
224229	1
224245	0
224255	1
224271	0
224281	1
224298	0
224308	1
224324	0
224334	1
224349	0
224360	1
224376	0
224386	1
224403	0
224413	1
224429	0
224439	1
224454	0
224465	1
224480	0
224491	1
224508	0
224518	1
224533	0
224544	1
224559	0
224989	1
225004	0
225016	1
225031	0
225042	1
225057	0
225068	1
225083	0
225095	1
225110	0
225120	1
225136	0
225146	1
225162	0
225172	1
225189	0
225199	1
225215	0
225225	1
225241	0
225251	1
225267	0
225277	1
225294	0
225304	1
225320	0
225330	1
225346	0
225356	1
225372	0
225383	1
225398	0
226667	1
226682	0
226701	1
226708	0
226719	1
226735	0
226745	1
226761	0
226771	1
226787	0
226797	1
226813	0
226823	1
226840	0
226850	1
226866	0
226876	1
226892	0
226902	1
226919	0
226929	1
226944	0
226955	1
226970	0
226981	1
226996	0
227007	1
227022	0
227034	1
227049	0
227060	1
227075	0
228343	1
228361	0
228371	1
228386	0
228396	1
228412	0
228422	1
228438	0
228448	1
228464	0
228474	1
228490	0
228501	1
228517	0
228527	1
228543	0
228553	1
228569	0
228579	1
228596	0
228606	1
228622	0
228632	1
228648	0
228658	1
228674	0
228684	1
228699	0
228711	1
228726	0
228737	1
228756	0
230021	1
230037	0
230047	1
230063	0
230081	1
230089	0
230099	1
230116	0
230126	1
230142	0
230152	1
230168	0
230178	1
230194	0
230204	1
230221	0
230231	1
230247	0
230257	1
230273	0
230283	1
230298	0
230309	1
230324	0
230336	1
230351	0
230362	1
230377	0
230388	1
230403	0
230414	1
230429	0
230860	1
230875	0
230885	1
230902	0
230912	1
230928	0
230938	1
230954	0
230964	1
230981	0
230991	1
231007	0
231017	1
231032	0
231043	1
231058	0
231069	1
231084	0
231096	1
231111	0
231122	1
231137	0
231148	1
231163	0
231175	1
231190	0
231201	1
231216	0
231226	1
231242	0
231252	1
231269	0
231698	1
231713	0
231725	1
231739	0
231751	1
231766	0
231777	1
231792	0
231803	1
231818	0
231830	1
231845	0
231856	1
231871	0
231882	1
231897	0
231908	1
231923	0
231935	1
231950	0
231961	1
231976	0
231986	1
232002	0
232012	1
232028	0
232038	1
232055	0
232065	1
232081	0
232091	1
232107	0
232537	1
232552	0
232564	1
232579	0
232589	1
232605	0
232616	1
232631	0
232642	1
232657	0
232667	1
232684	0
232694	1
232712	0
232720	1
232736	0
232747	1
232762	0
232772	1
232788	0
232799	1
232815	0
232825	1
232841	0
232851	1
232867	0
232877	1
232894	0
232904	1
232920	0
232930	1
232946	0
233375	1
233391	0
233402	1
233417	0
233428	1
233443	0
233455	1
233470	0
233481	1
233496	0
233507	1
233522	0
233532	1
233548	0
233558	1
233575	0
233585	1
233601	0
233611	1
233627	0
233637	1
233654	0
233664	1
233680	0
233690	1
233706	0
233716	1
233731	0
233742	1
233759	0
233769	1
233784	0
234214	1
234229	0
234240	1
234255	0
234267	1
234282	0
234293	1
234308	0
234319	1
234334	0
234346	1
234360	0
234372	1
234387	0
234398	1
234413	0
234424	1
234439	0
234451	1
234466	0
234476	1
234492	0
234503	1
234518	0
234529	1
234544	0
234554	1
234571	0
234581	1
234604	0
234607	1
234623	0
235052	1
235069	0
235079	1
235095	0
235105	1
235121	0
235131	1
235147	0
235157	1
235174	0
235184	1
235200	0
235210	1
235225	0
235236	1
235252	0
235262	1
235277	0
235289	1
235304	0
235315	1
235330	0
235346	1
235357	0
235367	1
235382	0
235394	1
235409	0
235420	1
235435	0
235446	1
235461	0
235891	1
235907	0
235918	1
235933	0
235944	1
235959	0
235970	1
236012	0
236022	1
236039	0
236049	1
236065	0
236075	1
236090	0
236101	1
236116	0
236128	1
236143	0
236153	1
236169	0
236180	1
236195	0
236205	1
236221	0
236232	1
236247	0
236258	1
236274	0
236284	1
236300	0
236730	1
236746	0
236756	1
236772	0
236782	1
236799	0
236809	1
236824	0
236835	1
236850	0
236861	1
236876	0
236888	1
236903	0
236914	1
236929	0
236940	1
236955	0
236966	1
236981	0
236993	1
237008	0
237019	1
237034	0
237044	1
237060	0
237070	1
237087	0
237097	1
237113	0
237123	1
237139	0
238408	1
238423	0
238433	1
238449	0
238459	1
238476	0
238487	1
238502	0
238512	1
238528	0
238538	1
238554	0
238564	1
238580	0
238591	1
238608	0
238617	1
238632	0
238643	1
238659	0
238670	1
238685	0
238696	1
238711	0
238721	1
238737	0
238747	1
238764	0
238774	1
238790	0
238800	1
238816	0
240084	1
240100	0
240112	1
240127	0
240137	1
240153	0
240163	1
240179	0
240189	1
240206	0
240216	1
240231	0
240242	1
240258	0
240268	1
240284	0
240294	1
240309	0
240321	1
240336	0
240347	1
240362	0
240373	1
240388	0
240399	1
240414	0
240426	1
240441	0
240452	1
240467	0
240477	1
240493	0
240924	1
240939	0
240949	1
240965	0
240975	1
240991	0
241001	1
241018	0
241028	1
241044	0
241054	1
241070	0
241080	1
241096	0
241106	1
241123	0
241133	1
241148	0
241159	1
241174	0
241185	1
241200	0
241212	1
241227	0
241238	1
241254	0
241263	1
241280	0
241290	1
241305	0
241316	1
241332	0
241761	1
241778	0
241788	1
241804	0
241814	1
241830	0
241840	1
241856	0
241866	1
241882	0
241892	1
241909	0
241919	1
241935	0
241945	1
241961	0
241971	1
241989	0
242000	1
242013	0
242024	1
242040	0
242050	1
242066	0
242076	1
242092	0
242103	1
242118	0
242129	1
242144	0
242155	1
242170	0
242601	1
242616	0
242626	1
242643	0
242653	1
242668	0
242679	1
242695	0
242706	1
242721	0
242731	1
242747	0
242757	1
242773	0
242783	1
242800	0
242810	1
242826	0
242836	1
242852	0
242862	1
242878	0
242888	1
242905	0
242915	1
242930	0
242941	1
242956	0
242968	1
242983	0
242994	1
243009	0
243439	1
243455	0
243465	1
243481	0
243491	1
243507	0
243518	1
243534	0
243544	1
243560	0
243570	1
243585	0
243596	1
243612	0
243622	1
243639	0
243649	1
243664	0
243675	1
243690	0
243701	1
243716	0
243728	1
243742	0
243754	1
243769	0
243780	1
243795	0
243806	1
243821	0
243833	1
243848	0
244278	1
244293	0
244304	1
244319	0
244330	1
244345	0
244357	1
244371	0
244383	1
244398	0
244409	1
244424	0
244435	1
244450	0
244462	1
244477	0
244488	1
244503	0
244514	1
244529	0
244540	1
244555	0
244567	1
244582	0
244592	1
244608	0
244619	1
244636	0
244644	1
244660	0
244671	1
244686	0
245117	1
245132	0
245143	1
245158	0
245169	1
245184	0
245195	1
245210	0
245221	1
245238	0
245248	1
245263	0
245274	1
245289	0
245299	1
245315	0
245326	1
245342	0
245352	1
245368	0
245378	1
245394	0
245404	1
245420	0
245430	1
245447	0
245457	1
245473	0
245483	1
245499	0
245509	1
245525	0
245954	1
245970	0
246007	1
246024	0
246034	1
246049	0
246060	1
246075	0
246086	1
246101	0
246113	1
246128	0
246138	1
246154	0
246164	1
246180	0
246190	1
246207	0
246217	1
246233	0
246243	1
246259	0
246269	1
246285	0
246295	1
246312	0
246322	1
246338	0
246348	1
246364	0
246794	1
246809	0
246819	1
246835	0
246845	1
246863	0
246872	1
246888	0
246898	1
246914	0
246924	1
246940	0
246951	1
246967	0
246977	1
246993	0
247003	1
247019	0
247029	1
247045	0
247055	1
247072	0
247082	1
247098	0
247108	1
247124	0
247134	1
247149	0
247161	1
247176	0
247187	1
247202	0
248471	1
248488	0
248497	1
248513	0
248523	1
248539	0
248549	1
248565	0
248576	1
248592	0
248602	1
248621	0
248628	1
248643	0
248655	1
248670	0
248681	1
248696	0
248707	1
248722	0
248733	1
248748	0
248760	1
248775	0
248786	1
248801	0
248811	1
248827	0
248837	1
248854	0
248863	1
248880	0
249309	1
249326	0
249336	1
249351	0
249363	1
249378	0
249388	1
249403	0
249414	1
249429	0
249441	1
249456	0
249467	1
249482	0
249493	1
249508	0
249519	1
249534	0
249546	1
249561	0
249572	1
249587	0
249597	1
249613	0
249625	1
249640	0
249650	1
249666	0
249676	1
249692	0
249702	1
249718	0
250148	1
250163	0
250175	1
250190	0
250201	1
250216	0
250227	1
250242	0
250253	1
250268	0
250280	1
250295	0
250306	1
250321	0
250332	1
250347	0
250357	1
250373	0
250385	1
250400	0
250410	1
250426	0
250436	1
250452	0
250462	1
250478	0
250488	1
250504	0
250517	1
250530	0
250541	1
250558	0
250988	1
251002	0
251013	1
251028	0
251040	1
251055	0
251066	1
251081	0
251091	1
251107	0
251118	1
251133	0
251143	1
251160	0
251170	1
251186	0
251196	1
251212	0
251222	1
251238	0
251248	1
251265	0
251276	1
251291	0
251301	1
251316	0
251328	1
251343	0
251354	1
251369	0
251380	1
251395	0
251825	1
251841	0
251852	1
251867	0
251878	1
251893	0
251904	1
251920	0
251930	1
251946	0
251956	1
251972	0
251982	1
251999	0
252009	1
252025	0
252035	1
252050	0
252061	1
252076	0
252088	1
252103	0
252114	1
252129	0
252140	1
252155	0
252166	1
252181	0
252193	1
252208	0
252219	1
252234	0
252663	1
252680	0
252690	1
252706	0
252716	1
252732	0
252742	1
252758	0
252768	1
252785	0
252795	1
252811	0
252821	1
252837	0
252847	1
252863	0
252873	1
252890	0
252900	1
252915	0
252926	1
252941	0
252952	1
252967	0
252979	1
252993	0
253005	1
253020	0
253031	1
253046	0
253057	1
253072	0
253503	1
253518	0
253529	1
253544	0
253555	1
253570	0
253582	1
253597	0
253608	1
253623	0
253634	1
253649	0
253660	1
253675	0
253687	1
253702	0
253712	1
253728	0
253739	1
253754	0
253765	1
253780	0
253790	1
253807	0
253817	1
253833	0
253843	1
253859	0
253869	1
253885	0
253903	1
253911	0
254342	1
254357	0
254368	1
254383	0
254394	1
254409	0
254420	1
254435	0
254447	1
254462	0
254475	1
254489	0
254498	1
254515	0
254524	1
254540	0
254551	1
254566	0
254577	1
254593	0
254603	1
254619	0
254629	1
254645	0
254656	1
254672	0
254682	1
254697	0
254708	1
254723	0
254735	1
254750	0
255179	1
255196	0
255206	1
255224	0
255232	1
255248	0
255258	1
255274	0
255284	1
255300	0
255310	1
255327	0
255337	1
255353	0
255364	1
255379	0
255389	1
255405	0
255415	1
255432	0
255442	1
255458	0
255468	1
255484	0
255494	1
255510	0
255520	1
255537	0
255547	1
255563	0
255573	1
255588	0
256018	1
256035	0
256045	1
256061	0
256071	1
256087	0
256097	1
256114	0
256124	1
256139	0
256150	1
256165	0
256176	1
256191	0
256202	1
256218	0
256228	1
256244	0
256254	1
256270	0
256280	1
256296	0
256306	1
256323	0
256333	1
256349	0
256359	1
256375	0
256385	1
256401	0
256411	1
256428	0
256857	1
256873	0
256883	1
256899	0
256909	1
256925	0
256935	1
256952	0
256962	1
256978	0
256989	1
257004	0
257014	1
257030	0
257040	1
257057	0
257067	1
257083	0
257093	1
257108	0
257119	1
257142	0
257146	1
257161	0
257172	1
257187	0
257198	1
257213	0
257225	1
257239	0
257251	1
257266	0
257696	1
257711	0
257722	1
257738	0
257748	1
257763	0
257775	1
257790	0
257801	1
257816	0
257827	1
257842	0
257854	1
257869	0
257890	1
257895	0
257906	1
257921	0
257931	1
257948	0
257958	1
257973	0
257984	1
258000	0
258010	1
258026	0
258036	1
258052	0
258062	1
258079	0
258089	1
258105	0
258534	1
258551	0
258561	1
258576	0
258587	1
258602	0
258614	1
258628	0
258639	1
258654	0
258666	1
258681	0
258692	1
258707	0
258717	1
258733	0
258745	1
258760	0
258770	1
258786	0
258797	1
258812	0
258823	1
258838	0
258849	1
258865	0
258875	1
258891	0
258901	1
258917	0
258928	1
258943	0
259373	1
259389	0
259399	1
259415	0
259425	1
259441	0
259452	1
259468	0
259478	1
259494	0
259504	1
259519	0
259530	1
259545	0
259557	1
259572	0
259583	1
259598	0
259609	1
259624	0
259635	1
259650	0
259662	1
259677	0
259688	1
259703	0
259714	1
259729	0
259740	1
259756	0
259766	1
259782	0
260211	1
260227	0
260238	1
260254	0
260264	1
260280	0
260290	1
260306	0
260316	1
260332	0
260343	1
260359	0
260369	1
260385	0
260395	1
260411	0
260421	1
260438	0
260448	1
260463	0
260474	1
260490	0
260500	1
260515	0
260526	1
260542	0
260553	1
260568	0
260578	1
260594	0
260604	1
260620	0
261051	1
261066	0
261076	1
261092	0
261108	1
261119	0
261128	1
261145	0
261156	1
261170	0
261181	1
261198	0
261207	1
261223	0
261234	1
261249	0
261261	1
261276	0
261286	1
261302	0
261312	1
261328	0
261338	1
261354	0
261364	1
261381	0
261391	1
261407	0
261417	1
261433	0
261443	1
261458	0
261889	1
261904	0
261916	1
261931	0
261941	1
261957	0
261967	1
261983	0
261993	1
262010	0
262020	1
262036	0
262046	1
262062	0
262072	1
262088	0
262098	1
262115	0
262125	1
262141	0
262151	1
262166	0
262177	1
262192	0
262204	1
262219	0
262230	1
262245	0
262256	1
262271	0
262282	1
262297	0
262728	1
262743	0
262754	1
262769	0
262780	1
262795	0
262807	1
262822	0
262833	1
262848	0
262858	1
262874	0
262885	1
262900	0
262910	1
262927	0
262937	1
262953	0
262963	1
262979	0
262989	1
263005	0
263015	1
263032	0
263042	1
263058	0
263068	1
263084	0
263094	1
263109	0
263121	1
263136	0
263566	1
263582	0
263593	1
263608	0
263619	1
263634	0
263645	1
263660	0
263671	1
263686	0
263698	1
263713	0
263723	1
263745	0
263749	1
263765	0
263776	1
263791	0
263802	1
263818	0
263828	1
263844	0
263854	1
263870	0
263880	1
263896	0
263906	1
263923	0
263933	1
263949	0
263959	1
263975	0
264404	1
264420	0
264431	1
264447	0
264457	1
264473	0
264487	1
264499	0
264509	1
264525	0
264536	1
264552	0
264562	1
264578	0
264588	1
264604	0
264615	1
264631	0
264641	1
264657	0
264667	1
264682	0
264693	1
264708	0
264719	1
264734	0
264746	1
264761	0
264772	1
264787	0
264798	1
264813	0
265244	1
265259	0
265270	1
265285	0
265295	1
265312	0
265322	1
265338	0
265348	1
265365	0
265374	1
265390	0
265400	1
265417	0
265427	1
265443	0
265453	1
265469	0
265479	1
265495	0
265505	1
265522	0
265532	1
265547	0
265558	1
265573	0
265584	1
265599	0
265611	1
265625	0
265637	1
265652	0
266082	1
266097	0
266109	1
266124	0
266135	1
266150	0
266160	1
266176	0
266186	1
266203	0
266213	1
266229	0
266240	1
266255	0
266265	1
266282	0
266292	1
266308	0
266318	1
266334	0
266344	1
266359	0
266370	1
266385	0
266397	1
266416	0
266422	1
266439	0
266449	1
266465	0
266475	1
266491	0
266920	1
266937	0
266947	1
266963	0
266973	1
266989	0
266999	1
267015	0
267025	1
267042	0
267052	1
267067	0
267078	1
267093	0
267104	1
267119	0
267131	1
267146	0
267170	1
267172	0
267183	1
267199	0
267209	1
267225	0
267235	1
267251	0
267261	1
267277	0
267287	1
267304	0
267314	1
267330	0
267759	1
267774	0
267786	1
267801	0
267812	1
267827	0
267838	1
267853	0
267866	1
267879	0
267891	1
267906	0
267917	1
267932	0
267943	1
267958	0
267968	1
267985	0
267996	1
268011	0
268021	1
268037	0
268047	1
268063	0
268073	1
268090	0
268100	1
268116	0
268126	1
268142	0
268152	1
268167	0
268598	1
268614	0
268624	1
268639	0
268651	1
268666	0
268677	1
268692	0
268703	1
268718	0
268730	1
268744	0
268756	1
268771	0
268782	1
268797	0
268807	1
268823	0
268833	1
268850	0
268860	1
268876	0
268886	1
268902	0
268912	1
268928	0
268938	1
268955	0
268965	1
268981	0
268991	1
269007	0
269436	1
269452	0
269462	1
269479	0
269490	1
269505	0
269515	1
269531	0
269541	1
269557	0
269567	1
269583	0
269594	1
269610	0
269620	1
269636	0
269646	1
269662	0
269672	1
269688	0
269699	1
269715	0
269725	1
269741	0
269751	1
269767	0
269777	1
269797	0
269803	1
269819	0
269829	1
269846	0
270275	1
270291	0
270301	1
270317	0
270327	1
270344	0
270354	1
270370	0
270380	1
270395	0
270406	1
270422	0
270432	1
270448	0
270459	1
270474	0
270484	1
270501	0
270511	1
270527	0
270537	1
270553	0
270563	1
270580	0
270590	1
270605	0
270616	1
270632	0
270642	1
270657	0
270668	1
270683	0
271116	1
271129	0
271140	1
271155	0
271166	1
271181	0
271193	1
271208	0
271219	1
271234	0
271245	1
271260	0
271271	1
271286	0
271298	1
271313	0
271324	1
271339	0
271349	1
271365	0
271376	1
271391	0
271402	1
271418	0
271428	1
271444	0
271454	1
271470	0
271481	1
271496	0
271506	1
271523	0
271953	1
271968	0
271979	1
271994	0
272005	1
272020	0
272031	1
272047	0
272058	1
272073	0
272084	1
272099	0
272109	1
272125	0
272135	1
272152	0
272162	1
272178	0
272188	1
272204	0
272214	1
272231	0
272240	1
272257	0
272267	1
272283	0
272293	1
272308	0
272319	1
272334	0
272346	1
272361	0
272791	1
272807	0
272817	1
272832	0
272844	1
272859	0
272870	1
272885	0
272896	1
272911	0
272922	1
272937	0
272949	1
272964	0
272975	1
272991	0
273002	1
273017	0
273027	1
273042	0
273054	1
273069	0
273080	1
273095	0
273105	1
273121	0
273131	1
273148	0
273158	1
273174	0
273184	1
273200	0
273630	1
273645	0
273656	1
273671	0
273683	1
273698	0
273708	1
273724	0
273741	1
273750	0
273761	1
273776	0
273787	1
273803	0
273814	1
273829	0
273839	1
273855	0
273866	1
273881	0
273892	1
273907	0
273917	1
273934	0
273944	1
273960	0
273970	1
273986	0
273997	1
274012	0
274023	1
274038	0
274468	1
274485	0
274494	1
274511	0
274521	1
274537	0
274547	1
274562	0
274573	1
274588	0
274600	1
274616	0
274626	1
274641	0
274652	1
274667	0
274679	1
274694	0
274704	1
274720	0
274730	1
274746	0
274756	1
274772	0
274782	1
274799	0
274809	1
274825	0
274835	1
274850	0
274862	1
274878	0
275307	1
275323	0
275333	1
275349	0
275359	1
275375	0
275385	1
275402	0
275412	1
275428	0
275438	1
275453	0
275464	1
275479	0
275492	1
275507	0
275517	1
275532	0
275543	1
275558	0
275569	1
275584	0
275595	1
275611	0
275622	1
275637	0
275648	1
275664	0
275675	1
275690	0
275700	1
275715	0
276145	1
276162	0
276172	1
276188	0
276198	1
276213	0
276224	1
276240	0
276250	1
276265	0
276277	1
276292	0
276303	1
276318	0
276329	1
276344	0
276356	1
276370	0
276382	1
276397	0
276408	1
276423	0
276448	1
276449	0
276460	1
276476	0
276486	1
276502	0
276512	1
276528	0
276538	1
276555	0
276984	1
277000	0
277011	1
277026	0
277037	1
277053	0
277062	1
277079	0
277089	1
277104	0
277117	1
277132	0
277142	1
277157	0
277168	1
277183	0
277194	1
277209	0
277221	1
277236	0
277247	1
277262	0
277273	1
277288	0
277299	1
277314	0
277324	1
277341	0
277351	1
277367	0
277377	1
277393	0
277823	1
277839	0
277849	1
277866	0
277875	1
277891	0
277901	1
277917	0
277928	1
277943	0
277954	1
277969	0
277980	1
277995	0
278007	1
278022	0
278033	1
278048	0
278059	1
278074	0
278085	1
278101	0
278111	1
278127	0
278137	1
278153	0
278163	1
278179	0
278189	1
278206	0
278216	1
278232	0
278662	1
278677	0
278688	1
278703	0
278714	1
278729	0
278742	1
278755	0
278767	1
278782	0
278793	1
278808	0
278819	1
278834	0
278844	1
278861	0
278872	1
278887	0
278897	1
278913	0
278923	1
278939	0
278949	1
278966	0
278976	1
278992	0
279002	1
279018	0
279028	1
279044	0
279054	1
279071	0
280338	1
280355	0
280365	1
280381	0
280399	1
280407	0
280418	1
280433	0
280443	1
280459	0
280469	1
280486	0
280496	1
280512	0
280522	1
280538	0
280548	1
280564	0
280574	1
280591	0
280601	1
280617	0
280627	1
280643	0
280653	1
280668	0
280679	1
280694	0
280706	1
280721	0
280732	1
280748	0
281177	1
281193	0
281203	1
281220	0
281230	1
281246	0
281256	1
281272	0
281282	1
281297	0
281308	1
281323	0
281335	1
281350	0
281361	1
281376	0
281387	1
281402	0
281413	1
281428	0
281440	1
281455	0
281466	1
281481	0
281492	1
281507	0
281519	1
281534	0
281545	1
281560	0
281570	1
281586	0
282015	1
282032	0
282042	1
282058	0
282068	1
282084	0
282094	1
282111	0
282121	1
282137	0
282147	1
282162	0
282173	1
282188	0
282200	1
282215	0
282226	1
282242	0
282252	1
282267	0
282283	1
282293	0
282305	1
282320	0
282331	1
282346	0
282356	1
282372	0
282382	1
282399	0
282409	1
282425	0
282854	1
282870	0
282881	1
282897	0
282907	1
282922	0
282933	1
282948	0
282960	1
282975	0
282986	1
283001	0
283012	1
283027	0
283038	1
283054	0
283064	1
283080	0
283090	1
283107	0
283118	1
283133	0
283143	1
283159	0
283169	1
283184	0
283195	1
283210	0
283222	1
283237	0
283248	1
283263	0
283694	1
283709	0
283720	1
283735	0
283746	1
283761	0
283772	1
283788	0
283798	1
283814	0
283824	1
283840	0
283850	1
283867	0
283876	1
283893	0
283903	1
283919	0
283929	1
283945	0
283955	1
283971	0
283981	1
283997	0
284008	1
284024	0
284034	1
284050	0
284060	1
284075	0
284086	1
284102	0
284531	1
284548	0
284558	1
284574	0
284584	1
284600	0
284610	1
284626	0
284636	1
284652	0
284663	1
284679	0
284689	1
284705	0
284715	1
284731	0
284742	1
284757	0
284767	1
284784	0
284794	1
284810	0
284820	1
284836	0
284846	1
284861	0
284872	1
284889	0
284906	1
284914	0
284925	1
284941	0
285371	1
285386	0
285397	1
285412	0
285423	1
285438	0
285449	1
285464	0
285476	1
285492	0
285502	1
285517	0
285528	1
285543	0
285554	1
285569	0
285581	1
285596	0
285607	1
285622	0
285633	1
285675	0
285686	1
285701	0
285712	1
285727	0
285737	1
285753	0
285764	1
285779	0
286209	1
286224	0
286236	1
286251	0
286270	1
286278	0
286288	1
286303	0
286314	1
286329	0
286340	1
286355	0
286368	1
286382	0
286393	1
286408	0
286419	1
286434	0
286445	1
286461	0
286472	1
286487	0
286498	1
286513	0
286524	1
286539	0
286550	1
286566	0
286576	1
286592	0
286602	1
286618	0
287047	1
287064	0
287074	1
287090	0
287100	1
287118	0
287126	1
287143	0
287153	1
287168	0
287179	1
287194	0
287205	1
287220	0
287232	1
287246	0
287258	1
287273	0
287284	1
287299	0
287310	1
287325	0
287337	1
287352	0
287362	1
287378	0
287389	1
287404	0
287414	1
287430	0
287440	1
287457	0
287886	1
287901	0
287913	1
287928	0
287939	1
287954	0
287965	1
287980	0
287993	1
288007	0
288018	1
288033	0
288044	1
288059	0
288070	1
288085	0
288097	1
288112	0
288122	1
288138	0
288148	1
288164	0
288174	1
288191	0
288201	1
288217	0
288227	1
288243	0
288253	1
288269	0
288279	1
288295	0
288724	1
288741	0
288752	1
288767	0
288777	1
288793	0
288803	1
288819	0
288829	1
288846	0
288856	1
288872	0
288882	1
288898	0
288909	1
288924	0
288934	1
288951	0
288961	1
288977	0
288987	1
289003	0
289013	1
289029	0
289039	1
289056	0
289066	1
289082	0
289092	1
289108	0
289118	1
289133	0
289563	1
289580	0
289590	1
289606	0
289617	1
289632	0
289647	1
289658	0
289668	1
289684	0
289694	1
289711	0
289721	1
289737	0
289747	1
289763	0
289773	1
289789	0
289799	1
289816	0
289826	1
289842	0
289852	1
289868	0
289878	1
289894	0
289905	1
289920	0
289931	1
289946	0
289956	1
289972	0
290402	1
290418	0
290428	1
290445	0
290455	1
290471	0
290481	1
290497	0
290507	1
290523	0
290533	1
290550	0
290560	1
290575	0
290586	1
290601	0
290612	1
290627	0
290638	1
290653	0
290665	1
290680	0
290691	1
290706	0
290717	1
290732	0
290743	1
290758	0
290770	1
290785	0
290796	1
290811	0
291242	1
291256	0
291267	1
291282	0
291294	1
291309	0
291320	1
291335	0
291346	1
291361	0
291372	1
291387	0
291399	1
291414	0
291424	1
291440	0
291450	1
291466	0
291476	1
291494	0
291502	1
291519	0
291530	1
291545	0
291555	1
291572	0
291581	1
291597	0
291608	1
291623	0
291634	1
291649	0
292080	1
292095	0
292106	1
292121	0
292132	1
292147	0
292159	1
292174	0
292185	1
292200	0
292211	1
292226	0
292236	1
292252	0
292264	1
292278	0
292289	1
292305	0
292315	1
292331	0
292341	1
292357	0
292369	1
292384	0
292394	1
292410	0
292420	1
292436	0
292446	1
292462	0
292472	1
292489	0
292918	1
292933	0
292945	1
292960	0
292971	1
292986	0
292997	1
293012	0
293023	1
293038	0
293050	1
293065	0
293075	1
293091	0
293101	1
293119	0
293127	1
293144	0
293154	1
293170	0
293180	1
293196	0
293206	1
293221	0
293233	1
293249	0
293259	1
293274	0
293285	1
293300	0
293311	1
293326	0
293757	1
293772	0
293784	1
293799	0
293810	1
293825	0
293835	1
293851	0
293861	1
293877	0
293887	1
293904	0
293914	1
293930	0
293940	1
293956	0
293966	1
293983	0
293994	1
294009	0
294019	1
294035	0
294045	1
294061	0
294071	1
294086	0
294098	1
294113	0
294124	1
294139	0
294156	1
294166	0
294596	1
294611	0
294622	1
294637	0
294648	1
294663	0
294674	1
294690	0
294700	1
294716	0
294726	1
294744	0
294752	1
294769	0
294779	1
294795	0
294805	1
294821	0
294831	1
294848	0
294858	1
294874	0
294884	1
294903	0
294910	1
294926	0
294936	1
294952	0
294962	1
294978	0
294988	1
295005	0
295434	1
295450	0
295460	1
295476	0
295487	1
295502	0
295513	1
295528	0
295539	1
295555	0
295566	1
295581	0
295591	1
295607	0
295618	1
295633	0
295643	1
295660	0
295670	1
295686	0
295696	1
295712	0
295722	1
295737	0
295749	1
295764	0
295775	1
295790	0
295801	1
295816	0
295827	1
295843	0
296272	1
296289	0
296299	1
296315	0
296325	1
296340	0
296351	1
296366	0
296378	1
296393	0
296404	1
296419	0
296430	1
296445	0
296457	1
296472	0
296483	1
296498	0
296509	1
296524	0
296535	1
296550	0
296560	1
296577	0
296587	1
296603	0
296613	1
296629	0
296639	1
296655	0
296666	1
296682	0
297111	1
297127	0
297137	1
297154	0
297164	1
297180	0
297190	1
297206	0
297216	1
297231	0
297243	1
297258	0
297268	1
297285	0
297295	1
297310	0
297321	1
297336	0
297347	1
297362	0
297373	1
297388	0
297400	1
297415	0
297426	1
297441	0
297452	1
297467	0
297479	1
297495	0
297505	1
297520	0
298789	1
298804	0
298815	1
298830	0
298841	1
298856	0
298869	1
298883	0
298897	1
298909	0
298919	1
298935	0
298945	1
298962	0
298972	1
298988	0
298998	1
299014	0
299024	1
299041	0
299051	1
299066	0
299077	1
299092	0
299103	1
299120	0
299130	1
299145	0
299156	1
299171	0
299182	1
299197	0
300466	1
300481	0
300492	1
300508	0
300518	1
300533	0
300545	1
300560	0
300571	1
300586	0
300597	1
300612	0
300623	1
300638	0
300650	1
300665	0
300676	1
300691	0
300702	1
300717	0
300728	1
300745	0
300755	1
300770	0
300792	1
300796	0
300807	1
300823	0
300832	1
300849	0
300859	1
300874	0
301304	1
301320	0
301330	1
301347	0
301357	1
301373	0
301383	1
301399	0
301409	1
301425	0
301435	1
301452	0
301462	1
301477	0
301488	1
301503	0
301514	1
301529	0
301541	1
301556	0
301566	1
301583	0
301593	1
301609	0
301620	1
301635	0
301645	1
301661	0
301671	1
301686	0
301698	1
301713	0
302143	1
302159	0
302169	1
302185	0
302195	1
302212	0
302222	1
302238	0
302248	1
302264	0
302274	1
302290	0
302300	1
302317	0
302327	1
302343	0
302353	1
302369	0
302379	1
302395	0
302405	1
302420	0
302432	1
302447	0
302458	1
302473	0
302484	1
302499	0
302510	1
302525	0
302536	1
302551	0
302982	1
302997	0
303009	1
303024	0
303034	1
303050	0
303060	1
303076	0
303086	1
303103	0
303113	1
303129	0
303139	1
303155	0
303165	1
303181	0
303191	1
303206	0
303218	1
303233	0
303245	1
303259	0
303270	1
303285	0
303296	1
303311	0
303323	1
303338	0
303349	1
303364	0
303375	1
303390	0
303820	1
303836	0
303846	1
303863	0
303872	1
303889	0
303899	1
303915	0
303925	1
303941	0
303951	1
303968	0
303978	1
303993	0
304004	1
304020	0
304030	1
304046	0
304056	1
304071	0
304083	1
304098	0
304109	1
304124	0
304135	1
304150	0
304174	1
304177	0
304187	1
304203	0
304213	1
304229	0
304659	1
304674	0
304686	1
304701	0
304712	1
304727	0
304747	1
304754	0
304763	1
304780	0
304790	1
304805	0
304816	1
304832	0
304842	1
304858	0
304869	1
304884	0
304894	1
304911	0
304921	1
304937	0
304947	1
304963	0
304973	1
304989	0
304999	1
305015	0
305025	1
305042	0
305052	1
305068	0
305498	1
305514	0
305524	1
305540	0
305550	1
305566	0
305576	1
305591	0
305603	1
305618	0
305629	1
305644	0
305655	1
305670	0
305681	1
305697	0
305708	1
305723	0
305734	1
305749	0
305759	1
305776	0
305786	1
305802	0
305812	1
305828	0
305838	1
305854	0
305864	1
305881	0
305891	1
305907	0
