[µs]	Sample
0	0
692	1
696	0
706	1
722	0
733	1
748	0
759	1
774	0
785	1
800	0
812	1
827	0
838	1
853	0
864	1
879	0
890	1
905	0
942	1
958	0
969	1
984	0
994	1
1011	0
1021	1
1036	0
1047	1
1062	0
1074	1
1089	0
1100	1
1115	0
1126	1
1141	0
1152	1
1167	0
1179	1
1194	0
1205	1
1220	0
1230	1
1246	0
1256	1
1273	0
1283	1
1299	0
1309	1
1325	0
1335	1
1351	0
1361	1
1378	0
1388	1
1404	0
1414	1
1430	0
1440	1
1455	0
1466	1
1482	0
1493	1
1508	0
1519	1
1534	0
1545	1
1560	0
1572	1
1587	0
1598	1
1613	0
1624	1
1639	0
1649	1
1666	0
1680	1
1691	0
1702	1
1718	0
1728	1
1744	0
1754	1
1771	0
1781	1
1797	0
1807	1
1822	0
1833	1
1848	0
1860	1
1875	0
1886	1
1901	0
1912	1
1927	0
1939	1
1954	0
1965	1
1980	0
1990	1
2006	0
2016	1
2033	0
2043	1
2059	0
2069	1
2085	0
2095	1
2111	0
2121	1
2138	0
2148	1
2164	0
2174	1
2189	0
2200	1
2215	0
2227	1
2248	0
2253	1
2268	0
2279	1
2295	0
2304	1
2321	0
2332	1
2347	0
2357	1
2374	0
2384	1
2399	0
2410	1
2425	0
2436	1
2451	0
2463	1
2478	0
2489	1
2504	0
2515	1
2530	0
2541	1
2556	0
2567	1
2583	0
2593	1
2609	0
2619	1
2635	0
2645	1
2662	0
2672	1
2688	0
2698	1
2714	0
2724	1
2741	0
2751	1
2766	0
2777	1
2792	0
2803	1
2818	0
2830	1
2845	0
2856	1
2871	0
2882	1
2897	0
2907	1
2923	0
2933	1
2950	0
2960	1
2976	0
2987	1
3003	0
3013	1
3055	0
3065	1
3081	0
3091	1
3107	0
3117	1
3133	0
3144	1
3159	0
3170	1
3185	0
3196	1
3211	0
3223	1
3238	0
3249	1
3264	0
3275	1
3290	0
3300	1
3317	0
3327	1
3343	0
5031	1
5046	0
5056	1
5073	0
5083	1
5099	0
5109	1
5125	0
5135	1
5151	0
5161	1
5178	0
5188	1
5204	0
5214	1
5229	0
5240	1
5255	0
5267	1
5282	0
5293	1
5308	0
5319	1
5334	0
5346	1
5361	0
5372	1
5387	0
5397	1
5413	0
5423	1
5439	0
6707	1
6724	0
6734	1
6750	0
6760	1
6776	0
6786	1
6803	0
6813	1
6828	0
6839	1
6855	0
6865	1
6881	0
6891	1
6907	0
6918	1
6933	0
6943	1
6966	0
6970	1
6985	0
6996	1
7012	0
7022	1
7039	0
7049	1
7064	0
7075	1
7090	0
7101	1
7117	0
8385	1
8401	0
8411	1
8426	0
8438	1
8453	0
8463	1
8480	0
8490	1
8506	0
8516	1
8532	0
8543	1
8558	0
8568	1
8585	0
8595	1
8610	0
8621	1
8637	0
8647	1
8663	0
8673	1
8688	0
8700	1
8715	0
8726	1
8742	0
8752	1
8768	0
8778	1
8793	0
9223	1
9240	0
9250	1
9265	0
9276	1
9292	0
9303	1
9318	0
9328	1
9345	0
9355	1
9370	0
9381	1
9397	0
9407	1
9423	0
9433	1
9449	0
9460	1
9475	0
9485	1
9502	0
9512	1
9527	0
9538	1
9554	0
9565	1
9580	0
9590	1
9607	0
9617	1
9632	0
10063	1
10078	0
10088	1
10104	0
10115	1
10131	0
10141	1
10156	0
10168	1
10209	0
10220	1
10235	0
10246	1
10261	0
10272	1
10288	0
10298	1
10314	0
10324	1
10341	0
10351	1
10366	0
10377	1
10392	0
10403	1
10419	0
10429	1
10444	0
10456	1
10471	0
10901	1
10916	0
10928	1
10947	0
10953	1
10969	0
10979	1
10996	0
11006	1
11021	0
11033	1
11048	0
11058	1
11074	0
11084	1
11100	0
11111	1
11126	0
11136	1
11153	0
11163	1
11179	0
11189	1
11205	0
11216	1
11231	0
11241	1
11258	0
11268	1
11283	0
11295	1
11310	0
12578	1
12594	0
12605	1
12620	0
12631	1
12646	0
12656	1
12673	0
12683	1
12698	0
12710	1
12725	0
12735	1
12751	0
12761	1
12778	0
12788	1
12803	0
12815	1
12830	0
12840	1
12856	0
12866	1
12898	0
12899	1
12908	0
12920	1
12935	0
12945	1
12961	0
12971	1
12987	0
13417	1
13433	0
13443	1
13458	0
13469	1
13484	0
13496	1
13511	0
13522	1
13537	0
13548	1
13563	0
13575	1
13590	0
13601	1
13616	0
13626	1
13642	0
13652	1
13672	0
13679	1
13695	0
13705	1
13721	0
13731	1
13746	0
13758	1
13773	0
13784	1
13799	0
13810	1
13825	0
14255	1
14272	0
14282	1
14298	0
14308	1
14323	0
14334	1
14349	0
14361	1
14376	0
14387	1
14402	0
14413	1
14428	0
14440	1
14455	0
14465	1
14481	0
14491	1
14507	0
14517	1
14534	0
14544	1
14560	0
14570	1
14586	0
14596	1
14612	0
14622	1
14639	0
14649	1
14664	0
15933	1
15948	0
15959	1
15974	0
15985	1
16001	0
16012	1
16027	0
16038	1
16053	0
16064	1
16079	0
16089	1
16106	0
16116	1
16132	0
16142	1
16158	0
16168	1
16185	0
16195	1
16211	0
16221	1
16237	0
16247	1
16268	0
16273	1
16289	0
16299	1
16316	0
16326	1
16342	0
17610	1
17626	0
17636	1
17652	0
17662	1
17678	0
17688	1
17705	0
17715	1
17731	0
17741	1
17757	0
17767	1
17782	0
17794	1
17809	0
17820	1
17835	0
17846	1
17861	0
17873	1
17888	0
17899	1
17914	0
17925	1
17940	0
17950	1
17966	0
17976	1
17993	0
18003	1
18019	0
18449	1
18464	0
18475	1
18490	0
18501	1
18516	0
18528	1
18543	0
18554	1
18569	0
18579	1
18595	0
18605	1
18622	0
18632	1
18648	0
18658	1
18674	0
18684	1
18701	0
18711	1
18727	0
18737	1
18753	0
18763	1
18778	0
18789	1
18804	0
18816	1
18831	0
18842	1
18860	0
20126	1
20141	0
20153	1
20168	0
20178	1
20194	0
20212	1
20220	0
20231	1
20246	0
20257	1
20272	0
20284	1
20299	0
20310	1
20325	0
20335	1
20351	0
20361	1
20378	0
20388	1
20404	0
20414	1
20430	0
20440	1
20456	0
20466	1
20483	0
20493	1
20509	0
20519	1
20534	0
20965	1
20980	0
20991	1
21006	0
21017	1
21032	0
21044	1
21059	0
21070	1
21085	0
21096	1
21111	0
21121	1
21137	0
21148	1
21164	0
21174	1
21190	0
21200	1
21216	0
21226	1
21243	0
21253	1
21269	0
21279	1
21295	0
21305	1
21320	0
21332	1
21347	0
21358	1
21373	0
21804	1
21819	0
21830	1
21845	0
21855	1
21871	0
21881	1
21898	0
21908	1
21924	0
21934	1
21950	0
21960	1
21976	0
21986	1
22003	0
22013	1
22029	0
22039	1
22054	0
22065	1
22086	0
22091	1
22108	0
22117	1
22133	0
22144	1
22159	0
22170	1
22186	0
22196	1
22212	0
23480	1
23497	0
23507	1
23522	0
23533	1
23548	0
23560	1
23575	0
23585	1
23601	0
23611	1
23627	0
23637	1
23654	0
23664	1
23680	0
23690	1
23706	0
23716	1
23732	0
23742	1
23759	0
23769	1
23784	0
23795	1
23810	0
23821	1
23836	0
23848	1
23863	0
23874	1
23889	0
25158	1
25173	0
25184	1
25199	0
25211	1
25226	0
25237	1
25252	0
25263	1
25278	0
25288	1
25304	0
25314	1
25331	0
25341	1
25357	0
25367	1
25383	0
25393	1
25410	0
25420	1
25436	0
25446	1
25464	0
25472	1
25487	0
25499	1
25514	0
25525	1
25540	0
25551	1
25566	0
25996	1
26012	0
26022	1
26038	0
26049	1
26064	0
26075	1
26090	0
26102	1
26117	0
26127	1
26143	0
26153	1
26169	0
26179	1
26196	0
26206	1
26222	0
26232	1
26248	0
26258	1
26274	0
26285	1
26301	0
26311	1
26327	0
26337	1
26352	0
26363	1
26378	0
26390	1
26405	0
27678	1
27689	0
27699	1
27716	0
27726	1
27742	0
27752	1
27768	0
27778	1
27795	0
27805	1
27821	0
27831	1
27847	0
27857	1
27872	0
27883	1
27898	0
27910	1
27925	0
27936	1
27951	0
27962	1
27977	0
27989	1
28004	0
28014	1
28030	0
28040	1
28056	0
28066	1
28083	0
29350	1
29366	0
29376	1
29393	0
29403	1
29419	0
29430	1
29445	0
29455	1
29471	0
29481	1
29498	0
29508	1
29524	0
29534	1
29550	0
29560	1
29577	0
29587	1
29603	0
29613	1
29629	0
29639	1
29654	0
29665	1
29681	0
29692	1
29707	0
29718	1
29733	0
29744	1
29759	0
30189	1
30205	0
30215	1
30231	0
30242	1
30258	0
30268	1
30284	0
30294	1
30310	0
30320	1
30337	0
30347	1
30363	0
30373	1
30388	0
30399	1
30414	0
30426	1
30441	0
30452	1
30467	0
30478	1
30493	0
30504	1
30520	0
30531	1
30546	0
30556	1
30572	0
30582	1
30598	0
31029	1
31044	0
31054	1
31070	0
31080	1
31096	0
31106	1
31123	0
31133	1
31149	0
31159	1
31175	0
31185	1
31201	0
31211	1
31228	0
31238	1
31253	0
31264	1
31286	0
31290	1
31306	0
31316	1
31332	0
31342	1
31359	0
31369	1
31385	0
31395	1
31411	0
31421	1
31436	0
32706	1
32721	0
32732	1
32747	0
32758	1
32773	0
32785	1
32800	0
32810	1
32826	0
32836	1
32852	0
32862	1
32879	0
32889	1
32905	0
32915	1
32931	0
32941	1
32957	0
32967	1
32983	0
32994	1
33009	0
33046	1
33061	0
33073	1
33088	0
33098	1
33114	0
33544	1
33560	0
33570	1
33586	0
33596	1
33612	0
33622	1
33639	0
33649	1
33665	0
33675	1
33690	0
33701	1
33716	0
33728	1
33743	0
33754	1
33769	0
33780	1
33795	0
33807	1
33822	0
33832	1
33848	0
33858	1
33874	0
33884	1
33901	0
33911	1
33926	0
33937	1
33952	0
34383	1
34398	0
34408	1
34424	0
34435	1
34451	0
34461	1
34477	0
34487	1
34503	0
34513	1
34530	0
34540	1
34556	0
34566	1
34582	0
34592	1
34607	0
34619	1
34634	0
34645	1
34660	0
34671	1
34686	0
34697	1
34712	0
34724	1
34739	0
34750	1
34765	0
34776	1
34791	0
36060	1
36076	0
36086	1
36101	0
36112	1
36127	0
36139	1
36154	0
36165	1
36180	0
36191	1
36206	0
36218	1
36233	0
36243	1
36259	0
36269	1
36285	0
36295	1
36312	0
36322	1
36338	0
36348	1
36364	0
36374	1
36391	0
36401	1
36417	0
36427	1
36442	0
36453	1
36468	0
36898	1
36940	0
36951	1
36967	0
36977	1
36993	0
37003	1
37019	0
37029	1
37046	0
37056	1
37072	0
37082	1
37097	0
37108	1
37123	0
37135	1
37150	0
37161	1
37176	0
37187	1
37202	0
37214	1
37229	0
37239	1
37255	0
37265	1
37281	0
37291	1
37308	0
37737	1
37753	0
37763	1
37779	0
37789	1
37806	0
37816	1
37832	0
37842	1
37858	0
37868	1
37911	0
37920	1
37936	0
37947	1
37962	0
37973	1
37989	0
37999	1
38015	0
38025	1
38040	0
38052	1
38067	0
38078	1
38093	0
38104	1
38119	0
38131	1
38146	0
38575	1
38591	0
38602	1
38618	0
38635	1
38643	0
38655	1
38670	0
38681	1
38696	0
38707	1
38722	0
38733	1
38749	0
38760	1
38775	0
38785	1
38801	0
38811	1
38827	0
38837	1
38854	0
38864	1
38880	0
38890	1
38906	0
38916	1
38933	0
38943	1
38959	0
38969	1
38984	0
39414	1
39430	0
39440	1
39456	0
39466	1
39483	0
39493	1
39509	0
39519	1
39535	0
39545	1
39562	0
39572	1
39588	0
39598	1
39613	0
39624	1
39639	0
39650	1
39666	0
39677	1
39692	0
39703	1
39859	0
40252	1
40269	0
40279	1
40295	0
40305	1
40321	0
40331	1
40348	0
40358	1
40374	0
40384	1
40400	0
40410	1
40427	0
40437	1
40452	0
40463	1
40478	0
40489	1
40504	0
40516	1
40531	0
40542	1
40557	0
40567	1
40583	0
40593	1
40610	0
40620	1
40636	0
40654	1
40662	0
41092	1
41108	0
41118	1
41133	0
41144	1
41159	0
41170	1
41186	0
41197	1
41212	0
41223	1
41238	0
41249	1
41265	0
41275	1
41291	0
41301	1
41317	0
41327	1
41343	0
41353	1
41370	0
41387	1
41395	0
41407	1
41422	0
41433	1
41448	0
41458	1
41474	0
41484	1
41500	0
41930	1
41952	0
41957	1
41972	0
41983	1
41998	0
42009	1
42025	0
42035	1
42051	0
42061	1
42077	0
42087	1
42103	0
42113	1
42130	0
42140	1
42156	0
42166	1
42182	0
42192	1
42207	0
42219	1
42234	0
42245	1
42260	0
42271	1
42286	0
42298	1
42313	0
42324	1
42339	0
42769	1
42785	0
42795	1
42810	0
42821	1
42836	0
42848	1
42863	0
42874	1
42889	0
42900	1
42915	0
42927	1
42942	0
42953	1
42968	0
42978	1
42994	0
43004	1
43054	0
43057	1
43073	0
43083	1
43100	0
43110	1
43126	0
43136	1
43151	0
43162	1
43177	0
43608	1
43623	0
43633	1
43649	0
43659	1
43682	0
43686	1
43701	0
43713	1
43728	0
43739	1
43754	0
43765	1
43780	0
43792	1
43807	0
43817	1
43833	0
43843	1
43859	0
43869	1
43885	0
43895	1
43912	0
43922	1
43938	0
43948	1
43964	0
43974	1
43991	0
44001	1
44016	0
44446	1
44462	0
44472	1
44488	0
44498	1
44514	0
44524	1
44541	0
44551	1
44567	0
44577	1
44593	0
44603	1
44620	0
44638	1
44645	0
44656	1
44672	0
44682	1
44698	0
44709	1
44724	0
44735	1
44751	0
44761	1
44776	0
44787	1
44802	0
44813	1
44828	0
44840	1
44855	0
45284	1
45300	0
45310	1
45327	0
45337	1
45353	0
45363	1
45379	0
45389	1
45406	0
45416	1
45432	0
45442	1
45458	0
45468	1
45484	0
45494	1
45510	0
45521	1
45536	0
45547	1
45562	0
45573	1
45588	0
45600	1
45615	0
45626	1
45641	0
45652	1
45667	0
45677	1
45694	0
46124	1
46139	0
46150	1
46165	0
46176	1
46191	0
46202	1
46217	0
46229	1
46244	0
46255	1
46270	0
46280	1
46296	0
46306	1
46323	0
46333	1
46349	0
46359	1
46375	0
46385	1
46402	0
46412	1
46428	0
46438	1
46453	0
46464	1
46479	0
46491	1
46506	0
46517	1
46532	0
46962	1
46977	0
46989	1
47004	0
47015	1
47030	0
47040	1
47056	0
47066	1
47083	0
47093	1
47109	0
47119	1
47135	0
47145	1
47162	0
47172	1
47188	0
47198	1
47213	0
47224	1
47239	0
47258	1
47266	0
47277	1
47292	0
47302	1
47318	0
47328	1
47345	0
47355	1
47371	0
47801	1
47817	0
47827	1
47842	0
47853	1
47868	0
47879	1
47895	0
47906	1
47921	0
47932	1
47947	0
47958	1
47973	0
47989	1
48000	0
48011	1
48026	0
48037	1
48052	0
48062	1
48078	0
48088	1
48105	0
48115	1
48131	0
48141	1
48157	0
48167	1
48184	0
48194	1
48210	0
48639	1
48655	0
48666	1
48681	0
48691	1
48708	0
48718	1
48734	0
48744	1
48760	0
48770	1
48787	0
48797	1
48812	0
48823	1
48838	0
48849	1
48864	0
48876	1
48891	0
48902	1
48917	0
48928	1
48943	0
48954	1
48969	0
48979	1
48996	0
49006	1
49022	0
49032	1
49048	0
49477	1
49494	0
49504	1
49520	0
49530	1
49546	0
49556	1
49573	0
49583	1
49599	0
49609	1
49625	0
49635	1
49650	0
49661	1
49677	0
49688	1
49703	0
49714	1
49729	0
49740	1
49755	0
49767	1
49782	0
49792	1
49808	0
49818	1
49834	0
49844	1
49865	0
49871	1
49886	0
50316	1
50333	0
50343	1
50359	0
50369	1
50384	0
50395	1
50410	0
50422	1
50437	0
50448	1
50463	0
50474	1
50489	0
50500	1
50516	0
50527	1
50542	0
50552	1
50568	0
50578	1
50595	0
50606	1
50621	0
50631	1
50647	0
50657	1
50673	0
50683	1
50700	0
50710	1
50726	0
51155	1
51171	0
51182	1
51197	0
51207	1
51223	0
51233	1
51250	0
51260	1
51276	0
51286	1
51302	0
51312	1
51329	0
51339	1
51355	0
51365	1
51381	0
51391	1
51406	0
51417	1
51432	0
51444	1
51459	0
51470	1
51485	0
51496	1
51511	0
51523	1
51554	0
51556	1
51564	0
51994	1
52009	0
52020	1
52035	0
52046	1
52061	0
52073	1
52088	0
52099	1
52114	0
52125	1
52140	0
52152	1
52167	0
52177	1
52193	0
52203	1
52219	0
52229	1
52246	0
52256	1
52272	0
52282	1
52298	0
52308	1
52324	0
52334	1
52350	0
52361	1
52376	0
52387	1
52402	0
52832	1
52848	0
52859	1
52875	0
52885	1
52901	0
52911	1
52926	0
52937	1
52952	0
52964	1
52979	0
52990	1
53005	0
53050	1
53058	0
53068	1
53084	0
53094	1
53110	0
53121	1
53137	0
53147	1
53163	0
53173	1
53188	0
53199	1
53214	0
53226	1
53241	0
54510	1
54525	0
54536	1
54551	0
54562	1
54577	0
54589	1
54604	0
54614	1
54631	0
54641	1
54657	0
54667	1
54682	0
54693	1
54708	0
54720	1
54735	0
54746	1
54761	0
54772	1
54787	0
54799	1
54814	0
54825	1
54840	0
54850	1
54866	0
54876	1
54892	0
54902	1
54919	0
55349	1
55364	0
55375	1
55390	0
55401	1
55416	0
55426	1
55443	0
55453	1
55469	0
55479	1
55495	0
55505	1
55522	0
55532	1
55548	0
55558	1
55574	0
55584	1
55600	0
55610	1
55625	0
55637	1
55652	0
55663	1
55678	0
55689	1
55704	0
55716	1
55731	0
55742	1
55757	0
56187	1
56202	0
56214	1
56229	0
56240	1
56255	0
56265	1
56281	0
56291	1
56308	0
56318	1
56334	0
56344	1
56360	0
56370	1
56387	0
56397	1
56413	0
56423	1
56438	0
56449	1
56491	0
56502	1
56517	0
56528	1
56544	0
56554	1
56570	0
56581	1
56596	0
57025	1
57042	0
57052	1
57067	0
57078	1
57093	0
57104	1
57119	0
57131	1
57146	0
57157	1
57172	0
57183	1
57198	0
57215	1
57225	0
57236	1
57251	0
57262	1
57277	0
57288	1
57303	0
57314	1
57329	0
57339	1
57356	0
57366	1
57382	0
57392	1
57408	0
57418	1
57435	0
57864	1
57880	0
57891	1
57906	0
57917	1
57932	0
57942	1
57959	0
57969	1
57985	0
57995	1
58011	0
58021	1
58038	0
58048	1
58064	0
58074	1
58090	0
58100	1
58115	0
58126	1
58141	0
58153	1
58168	0
58179	1
58194	0
58205	1
58220	0
58232	1
58247	0
58258	1
58273	0
58702	1
58719	0
58729	1
58745	0
58755	1
58771	0
58781	1
58798	0
58808	1
58824	0
58834	1
58849	0
58860	1
58875	0
58887	1
58902	0
58913	1
58928	0
58939	1
58954	0
58965	1
58980	0
58992	1
59007	0
59017	1
59033	0
59043	1
59059	0
59069	1
59089	0
59096	1
59112	0
60380	1
60396	0
60406	1
60422	0
60432	1
60449	0
60459	1
60474	0
60485	1
60500	0
60511	1
60527	0
60538	1
60553	0
60563	1
60580	0
60590	1
60606	0
60616	1
60631	0
60642	1
60657	0
60669	1
60684	0
60695	1
60710	0
60721	1
60736	0
60747	1
60762	0
60774	1
60789	0
61219	1
61235	0
61245	1
61261	0
61271	1
61286	0
61297	1
61313	0
61324	1
61339	0
61350	1
61365	0
61376	1
61391	0
61403	1
61418	0
61429	1
61444	0
61454	1
61470	0
61480	1
61497	0
61507	1
61523	0
61533	1
61549	0
61559	1
61576	0
61586	1
61602	0
61612	1
61628	0
62057	1
62073	0
62083	1
62100	0
62110	1
62126	0
62136	1
62152	0
62162	1
62177	0
62189	1
62204	0
62215	1
62230	0
62241	1
62256	0
62267	1
62282	0
62294	1
62309	0
62319	1
62335	0
62345	1
62361	0
62371	1
62388	0
62398	1
62414	0
62424	1
62440	0
62450	1
62467	0
63735	1
63750	0
63761	1
63777	0
63787	1
63803	0
63817	1
63829	0
63839	1
63856	0
63866	1
63882	0
63892	1
63907	0
63918	1
63933	0
63945	1
63960	0
63971	1
63986	0
63997	1
64012	0
64023	1
64038	0
64050	1
64065	0
64075	1
64091	0
64101	1
64117	0
64127	1
64144	0
64574	1
64589	0
64600	1
64615	0
64626	1
64641	0
64651	1
64668	0
64678	1
64694	0
64704	1
64720	0
64730	1
64746	0
64757	1
64773	0
64783	1
64799	0
64809	1
64824	0
64835	1
64850	0
64862	1
64877	0
64888	1
64903	0
64914	1
64929	0
64941	1
64956	0
64967	1
64982	0
65412	1
65428	0
65438	1
65454	0
65464	1
65479	0
65491	1
65506	0
65517	1
65532	0
65543	1
65558	0
65570	1
65585	0
65596	1
65611	0
65622	1
65637	0
65647	1
65663	0
65673	1
65699	0
65700	1
65716	0
65727	1
65742	0
65753	1
65768	0
65779	1
65795	0
65806	1
65821	0
66251	1
66267	0
66277	1
66292	0
66303	1
66318	0
66329	1
66344	0
66356	1
66371	0
66382	1
66397	0
66408	1
66423	0
66439	1
66450	0
66460	1
66475	0
66486	1
66502	0
66513	1
66528	0
66539	1
66554	0
66565	1
66580	0
66592	1
66607	0
66618	1
66633	0
66643	1
66659	0
67089	1
67105	0
67115	1
67132	0
67142	1
67157	0
67168	1
67183	0
67194	1
67209	0
67221	1
67236	0
67247	1
67262	0
67272	1
67288	0
67298	1
67315	0
67325	1
67341	0
67351	1
67367	0
67377	1
67393	0
67403	1
67420	0
67430	1
67446	0
67456	1
67471	0
67482	1
67497	0
67927	1
67944	0
67954	1
67970	0
67980	1
67996	0
68006	1
68022	0
68032	1
68049	0
68059	1
68075	0
68085	1
68100	0
68111	1
68126	0
68138	1
68153	0
68164	1
68179	0
68190	1
68205	0
68217	1
68232	0
68242	1
68258	0
68268	1
68284	0
68294	1
68311	0
68321	1
68342	0
68766	1
68782	0
68792	1
68808	0
68818	1
68835	0
68845	1
68861	0
68871	1
68887	0
68897	1
68914	0
68924	1
68939	0
68950	1
68965	0
68976	1
68991	0
69003	1
69018	0
69029	1
69044	0
69055	1
69070	0
69081	1
69097	0
69107	1
69123	0
69133	1
69148	0
69160	1
69175	0
69606	1
69621	0
69632	1
69647	0
69657	1
69674	0
69684	1
69699	0
69710	1
69725	0
69736	1
69751	0
69763	1
69778	0
69789	1
69804	0
69815	1
69830	0
69841	1
69856	0
69866	1
69883	0
69893	1
69909	0
69919	1
69935	0
69945	1
69962	0
69972	1
69988	0
69998	1
70014	0
70444	1
70459	0
70470	1
70485	0
70497	1
70512	0
70523	1
70538	0
70549	1
70564	0
70574	1
70590	0
70600	1
70617	0
70627	1
70643	0
70653	1
70669	0
70679	1
70696	0
70706	1
70722	0
70732	1
70748	0
70758	1
70773	0
70785	1
70800	0
70811	1
70826	0
70837	1
70852	0
71282	1
71297	0
71309	1
71324	0
71335	1
71350	0
71361	1
71376	0
71388	1
71403	0
71414	1
71429	0
71439	1
71455	0
71465	1
71482	0
71492	1
71508	0
71518	1
71534	0
71544	1
71560	0
71570	1
71587	0
71597	1
71613	0
71623	1
71638	0
71649	1
71664	0
71676	1
71691	0
72120	1
72137	0
72147	1
72163	0
72173	1
72189	0
72199	1
72215	0
72226	1
72242	0
72253	1
72268	0
72279	1
72293	0
72304	1
72321	0
72330	1
72346	0
72357	1
72373	0
72383	1
72399	0
72409	1
72425	0
72435	1
72451	0
72461	1
72478	0
72488	1
72504	0
72514	1
72529	0
72960	1
72975	0
72992	1
73002	0
73013	1
73054	0
73064	1
73079	0
73091	1
73106	0
73117	1
73132	0
73143	1
73158	0
73170	1
73185	0
73196	1
73211	0
73222	1
73237	0
73247	1
73264	0
73274	1
73290	0
73300	1
73316	0
73326	1
73342	0
73352	1
73369	0
73798	1
73814	0
73824	1
73839	0
73851	1
73866	0
73877	1
73892	0
73903	1
73918	0
73930	1
73945	0
73956	1
73971	0
73982	1
73997	0
74007	1
74024	0
74034	1
74050	0
74060	1
74076	0
74086	1
74102	0
74112	1
74129	0
74139	1
74155	0
74165	1
74180	0
74191	1
74206	0
74636	1
74653	0
74663	1
74679	0
74689	1
74705	0
74715	1
74732	0
74742	1
74757	0
74768	1
74783	0
74794	1
74809	0
74821	1
74836	0
74847	1
74862	0
74873	1
74888	0
74912	1
74915	0
74926	1
74941	0
74951	1
74968	0
74977	1
74993	0
75004	1
75019	0
75029	1
75046	0
76314	1
76330	0
76341	1
76356	0
76366	1
76382	0
76393	1
76408	0
76419	1
76434	0
76445	1
76460	0
76472	1
76487	0
76498	1
76513	0
76523	1
76539	0
76549	1
76566	0
76576	1
76592	0
76602	1
76618	0
76628	1
76645	0
76655	1
76671	0
76681	1
76697	0
76707	1
76722	0
77991	1
78007	0
78017	1
78034	0
78044	1
78060	0
78070	1
78085	0
78096	1
78111	0
78123	1
78138	0
78149	1
78164	0
78175	1
78190	0
78202	1
78217	0
78227	1
78243	0
78253	1
78269	0
78279	1
78299	0
78306	1
78321	0
78333	1
78348	0
78359	1
78374	0
78384	1
78400	0
78830	1
78846	0
78863	1
78871	0
78882	1
78898	0
78909	1
78924	0
78935	1
78950	0
78961	1
78977	0
78987	1
79003	0
79013	1
79029	0
79039	1
79056	0
79066	1
79082	0
79092	1
79107	0
79118	1
79133	0
79145	1
79160	0
79171	1
79186	0
79197	1
79212	0
79224	1
79239	0
79669	1
79684	0
79695	1
79710	0
79722	1
79737	0
79747	1
79763	0
79773	1
79789	0
79799	1
79816	0
79826	1
79842	0
79852	1
79868	0
79878	1
79894	0
79904	1
79920	0
79931	1
79946	0
79957	1
79972	0
79983	1
79998	0
80010	1
80025	0
80036	1
80051	0
80062	1
80077	0
80508	1
80523	0
80533	1
80549	0
80559	1
80575	0
80585	1
80602	0
80612	1
80628	0
80638	1
80654	0
80664	1
80681	0
80691	1
80707	0
80717	1
80732	0
80743	1
80758	0
80770	1
80785	0
80796	1
80811	0
80822	1
80837	0
80848	1
80863	0
80874	1
80890	0
80900	1
80916	0
81346	1
81362	0
81372	1
81388	0
81398	1
81414	0
81424	1
81441	0
81451	1
81466	0
81476	1
81493	0
81503	1
81519	0
81529	1
81545	0
81555	1
81571	0
81581	1
81598	0
81608	1
81624	0
81634	1
81650	0
81660	1
81675	0
81687	1
81702	0
81713	1
81728	0
81739	1
81754	0
82185	1
82206	0
82210	1
82227	0
82237	1
82253	0
82263	1
82279	0
82289	1
82305	0
82316	1
82331	0
82342	1
82357	0
82368	1
82383	0
82394	1
82409	0
82421	1
82436	0
82447	1
82462	0
82473	1
82488	0
82500	1
82515	0
82525	1
82541	0
82551	1
82567	0
82577	1
82594	0
83050	1
83065	0
83076	1
83091	0
83102	1
83117	0
83129	1
83144	0
83154	1
83170	0
83180	1
83196	0
83206	1
83223	0
83233	1
83249	0
83259	1
83275	0
83285	1
83300	0
83312	1
83327	0
83338	1
83353	0
83364	1
83379	0
83390	1
83405	0
83417	1
83432	0
83861	1
83878	0
83888	1
83904	0
83914	1
83930	0
83940	1
83957	0
83967	1
83982	0
83993	1
84008	0
84019	1
84034	0
84046	1
84061	0
84072	1
84087	0
84098	1
84113	0
84123	1
84166	0
84177	1
84192	0
84203	1
84219	0
84228	1
84245	0
84255	1
84271	0
84701	1
84716	0
84727	1
84742	0
84753	1
84768	0
84778	1
84795	0
84805	1
84821	0
84831	1
84847	0
84857	1
84874	0
84884	1
84899	0
84909	1
84926	0
84936	1
84952	0
84962	1
84978	0
84988	1
85005	0
85015	1
85031	0
85041	1
85057	0
85067	1
85083	0
85093	1
85110	0
85539	1
85555	0
85566	1
85581	0
85591	1
85608	0
85618	1
85634	0
85644	1
85659	0
85670	1
85685	0
85696	1
85711	0
85723	1
85738	0
85749	1
85764	0
85775	1
85790	0
85802	1
85817	0
85827	1
85843	0
85853	1
85869	0
85879	1
85896	0
85906	1
85922	0
85932	1
85948	0
87216	1
87232	0
87242	1
87259	0
87269	1
87285	0
87295	1
87310	0
87321	1
87336	0
87348	1
87363	0
87374	1
87389	0
87400	1
87415	0
87425	1
87442	0
87452	1
87468	0
87478	1
87501	0
87505	1
87520	0
87530	1
87547	0
87557	1
87573	0
87583	1
87599	0
87609	1
87625	0
88055	1
88070	0
88080	1
88097	0
88107	1
88123	0
88133	1
88149	0
88159	1
88176	0
88186	1
88202	0
88212	1
88228	0
88238	1
88255	0
88265	1
88280	0
88291	1
88306	0
88317	1
88332	0
88344	1
88359	0
88370	1
88385	0
88396	1
88411	0
88422	1
88437	0
88447	1
88464	0
88894	1
88909	0
88919	1
88935	0
88945	1
88962	0
88972	1
88988	0
88998	1
89014	0
89024	1
89041	0
89051	1
89067	0
89077	1
89092	0
89103	1
89118	0
89130	1
89145	0
89156	1
89171	0
89182	1
89197	0
89209	1
89224	0
89234	1
89250	0
89260	1
89276	0
89286	1
89303	0
89732	1
89747	0
89759	1
89774	0
89785	1
89800	0
89811	1
89826	0
89837	1
89852	0
89864	1
89879	0
89889	1
89905	0
89915	1
89931	0
89941	1
89958	0
89968	1
89984	0
89994	1
90010	0
90020	1
90037	0
90047	1
90062	0
90073	1
90088	0
90099	1
90114	0
90126	1
90141	0
90570	1
90586	0
90596	1
90613	0
90623	1
90639	0
90649	1
90665	0
90675	1
90692	0
90702	1
90717	0
90728	1
90743	0
90754	1
90769	0
90781	1
90796	0
90807	1
90822	0
90833	1
90848	0
90860	1
90875	0
90886	1
90901	0
90911	1
90927	0
90937	1
90954	0
90964	1
90980	0
91410	1
91425	0
91436	1
91451	0
91462	1
91477	0
91488	1
91503	0
91515	1
91530	0
91541	1
91562	0
91567	1
91582	0
91593	1
91608	0
91619	1
91634	0
91646	1
91661	0
91685	1
91687	0
91697	1
91714	0
91724	1
91740	0
91750	1
91766	0
91776	1
91793	0
91803	1
91818	0
92248	1
92264	0
92274	1
92290	0
92300	1
92315	0
92327	1
92342	0
92353	1
92368	0
92379	1
92394	0
92406	1
92421	0
92432	1
92447	0
92458	1
92473	0
92483	1
92500	0
92510	1
92526	0
92536	1
92552	0
92562	1
92579	0
92589	1
92605	0
92615	1
92631	0
92641	1
92657	0
93087	1
93102	0
93113	1
93128	0
93140	1
93155	0
93166	1
93181	0
93191	1
93207	0
93217	1
93233	0
93243	1
93260	0
93270	1
93286	0
93296	1
93312	0
93322	1
93364	0
93375	1
93390	0
93402	1
93417	0
93428	1
93443	0
93453	1
93469	0
93479	1
93496	0
93925	1
93940	0
93952	1
93967	0
93978	1
93993	0
94004	1
94019	0
94031	1
94046	0
94057	1
94072	0
94082	1
94099	0
94109	1
94124	0
94135	1
94150	0
94161	1
94177	0
94188	1
94203	0
94214	1
94229	0
94240	1
94255	0
94265	1
94282	0
94292	1
94308	0
94318	1
94334	0
94765	1
94780	0
94790	1
94806	0
94816	1
94832	0
94842	1
94859	0
94869	1
94885	0
94895	1
94910	0
94921	1
94936	0
94948	1
94963	0
94974	1
94989	0
95000	1
95015	0
95026	1
95042	0
95053	1
95068	0
95078	1
95094	0
95104	1
95120	0
95130	1
95147	0
95157	1
95173	0
95602	1
95618	0
95628	1
95645	0
95655	1
95671	0
95681	1
95697	0
95707	1
95722	0
95734	1
95749	0
95760	1
95775	0
95786	1
95801	0
95813	1
95828	0
95839	1
95854	0
95865	1
95880	0
95890	1
95907	0
95917	1
95933	0
95943	1
95965	0
95970	1
95985	0
95996	1
96011	0
96441	1
96457	0
96467	1
96483	0
96493	1
96510	0
96520	1
96536	0
96546	1
96562	0
96572	1
96587	0
96599	1
96614	0
96625	1
96640	0
96651	1
96666	0
96677	1
96696	0
96703	1
96719	0
96729	1
96745	0
96756	1
96771	0
96782	1
96797	0
96808	1
96823	0
96835	1
96850	0
97280	1
97296	0
97306	1
97322	0
97332	1
97347	0
97359	1
97374	0
97385	1
97400	0
97411	1
97426	0
97437	1
97452	0
97464	1
97479	0
97490	1
97505	0
97515	1
97531	0
97541	1
97558	0
97568	1
97584	0
97594	1
97610	0
97620	1
97637	0
97647	1
97663	0
97673	1
97689	0
98118	1
98134	0
98145	1
98160	0
98171	1
98186	0
98197	1
98212	0
98224	1
98239	0
98250	1
98265	0
98275	1
98291	0
98301	1
98318	0
98328	1
98344	0
98354	1
98370	0
98380	1
98397	0
98407	1
98423	0
98433	1
98448	0
98459	1
98474	0
98486	1
98501	0
98512	1
98527	0
98957	1
98973	0
98983	1
98999	0
99009	1
99026	0
99036	1
99051	0
99062	1
99077	0
99088	1
99103	0
99115	1
99130	0
99141	1
99156	0
99167	1
99182	0
99192	1
99209	0
99219	1
99235	0
99245	1
99261	0
99271	1
99293	0
99298	1
99314	0
99324	1
99339	0
99350	1
99365	0
99796	1
99812	0
99822	1
99837	0
99848	1
99863	0
99875	1
99897	0
99900	1
99916	0
99927	1
99942	0
99953	1
99969	0
99979	1
99995	0
100006	1
100021	0
100032	1
100047	0
100057	1
100073	0
100083	1
100100	0
100110	1
100126	0
100136	1
100152	0
100162	1
100179	0
100189	1
100205	0
100638	1
100650	0
100660	1
100677	0
100687	1
100703	0
100713	1
100728	0
100739	1
100754	0
100766	1
100781	0
100792	1
100807	0
100818	1
100833	0
100845	1
100860	0
100871	1
100886	0
100896	1
100912	0
100922	1
100938	0
100948	1
100965	0
100975	1
100991	0
101001	1
101017	0
101027	1
101044	0
101473	1
101489	0
101499	1
101515	0
101525	1
101541	0
101551	1
101568	0
101578	1
101594	0
101604	1
101619	0
101630	1
101645	0
101657	1
101672	0
101683	1
101698	0
101709	1
101724	0
101736	1
101751	0
101762	1
101777	0
101787	1
101803	0
101813	1
101829	0
101839	1
101856	0
101866	1
101882	0
102311	1
102327	0
102337	1
102354	0
102364	1
102380	0
102390	1
102406	0
102416	1
102432	0
102442	1
102459	0
102469	1
102485	0
102495	1
102536	0
102547	1
102564	0
102573	1
102589	0
102600	1
102615	0
102626	1
102641	0
102653	1
102668	0
102679	1
102694	0
102705	1
102720	0
103150	1
103166	0
103177	1
103192	0
103203	1
103218	0
103229	1
103244	0
103255	1
103271	0
103282	1
103297	0
103308	1
103323	0
103333	1
103350	0
103360	1
103376	0
103386	1
103402	0
103412	1
103429	0
103439	1
103454	0
103465	1
103480	0
103491	1
103506	0
103517	1
103532	0
103544	1
103559	0
103989	1
104005	0
104015	1
104031	0
104041	1
104057	0
104067	1
104083	0
104094	1
104109	0
104120	1
104135	0
104146	1
104161	0
104173	1
104188	0
104199	1
104214	0
104224	1
104240	0
104250	1
104267	0
104277	1
104293	0
104303	1
104319	0
104329	1
104346	0
104356	1
104372	0
104382	1
104398	0
104827	1
104843	0
104853	1
104869	0
104879	1
104896	0
104906	1
104922	0
104932	1
104948	0
104958	1
104975	0
104985	1
105001	0
105011	1
105026	0
105037	1
105052	0
105064	1
105079	0
105090	1
105105	0
105116	1
105131	0
105142	1
105158	0
105172	1
105184	0
105195	1
105210	0
105220	1
105236	0
105666	1
105682	0
105692	1
105709	0
105719	1
105734	0
105745	1
105760	0
105771	1
105786	0
105798	1
105813	0
105824	1
105839	0
105850	1
105865	0
105875	1
105891	0
105904	1
105918	0
105928	1
105943	0
105955	1
105970	0
105981	1
105996	0
106007	1
106022	0
106034	1
106049	0
106060	1
106075	0
106505	1
106520	0
106531	1
106546	0
106557	1
106573	0
106584	1
106599	0
106610	1
106625	0
106635	1
106651	0
106661	1
106678	0
106688	1
106704	0
106714	1
106730	0
106740	1
106757	0
106767	1
106783	0
106793	1
106808	0
106819	1
106834	0
106846	1
106861	0
106872	1
106887	0
106898	1
106913	0
107343	1
107359	0
107369	1
107386	0
107396	1
107412	0
107422	1
107438	0
107448	1
107463	0
107475	1
107490	0
107501	1
107516	0
107527	1
107542	0
107565	1
107568	0
107580	1
107595	0
107606	1
107621	0
107632	1
107647	0
107658	1
107699	0
107710	1
107725	0
107737	1
107752	0
108182	1
108197	0
108208	1
108223	0
108235	1
108250	0
108261	1
108276	0
108287	1
108302	0
108314	1
108329	0
108339	1
108355	0
108365	1
108381	0
108391	1
108408	0
108418	1
108434	0
108444	1
108460	0
108470	1
108486	0
108496	1
108511	0
108523	1
108538	0
108549	1
108564	0
108575	1
108591	0
109020	1
109037	0
109047	1
109063	0
109073	1
109088	0
109099	1
109117	0
109126	1
109141	0
109152	1
109167	0
109178	1
109194	0
109204	1
109220	0
109230	1
109246	0
109256	1
109272	0
109282	1
109299	0
109309	1
109325	0
109335	1
109351	0
109361	1
109378	0
109388	1
109403	0
109414	1
109429	0
109859	1
109875	0
109885	1
109902	0
109912	1
109928	0
109938	1
109953	0
109964	1
109979	0
109991	1
110006	0
110017	1
110032	0
110043	1
110058	0
110069	1
110084	0
110095	1
110111	0
110121	1
110137	0
110147	1
110163	0
110173	1
110190	0
110200	1
110216	0
110226	1
110242	0
110252	1
110267	0
110697	1
110714	0
110724	1
110740	0
110750	1
110766	0
110776	1
110793	0
110803	1
110819	0
110829	1
110845	0
110855	1
110870	0
110881	1
110896	0
110908	1
110923	0
110934	1
110949	0
110960	1
110975	0
110987	1
111002	0
111013	1
111028	0
111038	1
111054	0
111064	1
111081	0
111091	1
111107	0
111536	1
111552	0
111562	1
111579	0
111589	1
111605	0
111615	1
111631	0
111641	1
111657	0
111667	1
111684	0
111694	1
111709	0
111731	1
111735	0
111746	1
111763	0
111772	1
111788	0
111799	1
111814	0
111825	1
111841	0
111851	1
111866	0
111877	1
111893	0
111904	1
111919	0
111930	1
111945	0
112375	1
112391	0
112401	1
112417	0
112427	1
112444	0
112454	1
112471	0
112481	1
112495	0
112506	1
112521	0
112533	1
112548	0
112559	1
112574	0
112585	1
112600	0
112612	1
112627	0
112638	1
112653	0
112663	1
112679	0
112689	1
112705	0
112715	1
112732	0
112742	1
112758	0
112768	1
112784	0
113214	1
113230	0
113240	1
113255	0
113266	1
113281	0
113293	1
113308	0
113319	1
113334	0
113345	1
113360	0
113372	1
113387	0
113397	1
113413	0
113423	1
113439	0
113449	1
113466	0
113476	1
113492	0
113502	1
113518	0
113528	1
113544	0
113555	1
113570	0
113581	1
113596	0
113607	1
113622	0
114052	1
114068	0
114078	1
114095	0
114105	1
114121	0
114131	1
114147	0
114157	1
114172	0
114183	1
114199	0
114210	1
114225	0
114236	1
114251	0
114262	1
114277	0
114289	1
114304	0
114315	1
114330	0
114340	1
114356	0
114366	1
114383	0
114393	1
114408	0
114419	1
114434	0
114446	1
114461	0
114890	1
114907	0
114917	1
114933	0
114943	1
114959	0
114969	1
114986	0
114996	1
115012	0
115022	1
115038	0
115048	1
115065	0
115075	1
115090	0
115101	1
115118	0
115126	1
115142	0
115153	1
115169	0
115179	1
115195	0
115205	1
115221	0
115231	1
115248	0
115258	1
115274	0
115284	1
115300	0
115729	1
115746	0
115756	1
115772	0
115782	1
115798	0
115808	1
115825	0
115835	1
115850	0
115861	1
115876	0
115887	1
115902	0
115913	1
115928	0
115940	1
115955	0
115966	1
115981	0
115992	1
116007	0
116017	1
116034	0
116044	1
116060	0
116070	1
116086	0
116096	1
116113	0
116123	1
116139	0
116568	1
116583	0
116595	1
116610	0
116621	1
116636	0
116647	1
116662	0
116674	1
116689	0
116700	1
116715	0
116725	1
116741	0
116751	1
116768	0
116778	1
116794	0
116804	1
116820	0
116830	1
116846	0
116856	1
116873	0
116883	1
116898	0
116909	1
116924	0
116935	1
116950	0
116962	1
116977	0
118245	1
118262	0
118272	1
118288	0
118298	1
118314	0
118325	1
118340	0
118351	1
118366	0
118376	1
118392	0
118402	1
118419	0
118429	1
118445	0
118455	1
118471	0
118481	1
118498	0
118508	1
118523	0
118534	1
118549	0
118560	1
118575	0
118587	1
118602	0
118613	1
118628	0
118639	1
118654	0
119084	1
119099	0
119111	1
119126	0
119137	1
119152	0
119163	1
119178	0
119188	1
119205	0
119215	1
119231	0
119241	1
119257	0
119267	1
119284	0
119294	1
119310	0
119320	1
119336	0
119346	1
119362	0
119373	1
119388	0
119399	1
119414	0
119425	1
119440	0
119451	1
119466	0
119478	1
119493	0
119923	1
119938	0
119949	1
119965	0
119976	1
119991	0
120001	1
120017	0
120027	1
120043	0
120053	1
120070	0
120080	1
120096	0
120106	1
120122	0
120132	1
120149	0
120159	1
120175	0
120185	1
120200	0
120211	1
120226	0
120237	1
120253	0
120264	1
120279	0
120290	1
120305	0
120316	1
120331	0
120762	1
120777	0
120788	1
120803	0
120814	1
120829	0
120841	1
120856	0
120867	1
120882	0
120892	1
120908	0
120934	1
120935	0
120945	1
120961	0
120972	1
120987	0
120997	1
121014	0
121023	1
121039	0
121050	1
121065	0
121076	1
121091	0
121102	1
121117	0
121129	1
121144	0
121155	1
121170	0
121600	1
121616	0
121626	1
121642	0
121652	1
121673	0
121679	1
121695	0
121705	1
121721	0
121731	1
121746	0
121757	1
121772	0
121784	1
121799	0
121810	1
121825	0
121836	1
121851	0
121862	1
121878	0
121888	1
121904	0
121914	1
121930	0
121940	1
121957	0
121967	1
121983	0
121993	1
122009	0
122438	1
122454	0
122464	1
122481	0
122491	1
122507	0
122517	1
122533	0
122543	1
122560	0
122570	1
122586	0
122596	1
122611	0
122622	1
122637	0
122649	1
122664	0
122675	1
122690	0
122701	1
122716	0
122728	1
122743	0
122753	1
122769	0
122779	1
122795	0
122805	1
122822	0
122832	1
122848	0
123278	1
123293	0
123304	1
123319	0
123329	1
123346	0
123356	1
123372	0
123382	1
123398	0
123408	1
123424	0
123435	1
123451	0
123461	1
123476	0
123487	1
123502	0
123514	1
123529	0
123540	1
123581	0
123601	1
123608	0
123618	1
123634	0
123645	1
123660	0
123671	1
123690	0
124116	1
124131	0
124142	1
124157	0
124169	1
124184	0
124195	1
124210	0
124221	1
124236	0
124246	1
124263	0
124273	1
124289	0
124299	1
124315	0
124325	1
124342	0
124356	1
124367	0
124378	1
124394	0
124404	1
124420	0
124431	1
124446	0
124457	1
124472	0
124483	1
124498	0
124509	1
124524	0
124955	1
124970	0
124981	1
124996	0
125007	1
125023	0
125034	1
125049	0
125059	1
125075	0
125085	1
125102	0
125112	1
125128	0
125138	1
125154	0
125164	1
125179	0
125191	1
125206	0
125217	1
125232	0
125243	1
125258	0
125270	1
125285	0
125296	1
125311	0
125321	1
125337	0
125347	1
125364	0
125793	1
125809	0
125819	1
125835	0
125845	1
125862	0
125872	1
125888	0
125898	1
125914	0
125924	1
125939	0
125951	1
125966	0
125977	1
125992	0
126003	1
126018	0
126030	1
126045	0
126056	1
126071	0
126082	1
126097	0
126107	1
126123	0
126133	1
126150	0
126160	1
126176	0
126186	1
126202	0
127470	1
127486	0
127496	1
127512	0
127523	1
127539	0
127549	1
127564	0
127575	1
127591	0
127601	1
127617	0
127627	1
127644	0
127654	1
127670	0
127680	1
127696	0
127706	1
127723	0
127733	1
127748	0
127759	1
127774	0
127785	1
127800	0
127812	1
127827	0
127838	1
127853	0
127864	1
127879	0
128309	1
128325	0
128335	1
128351	0
128361	1
128378	0
128388	1
128404	0
128414	1
128430	0
128440	1
128455	0
128466	1
128481	0
128493	1
128508	0
128519	1
128534	0
128545	1
128560	0
128572	1
128587	0
128598	1
128613	0
128624	1
128639	0
128649	1
128666	0
128676	1
128692	0
128702	1
128718	0
129148	1
129163	0
129174	1
129189	0
129201	1
129216	0
129227	1
129242	0
129252	1
129268	0
129278	1
129295	0
129305	1
129321	0
129331	1
129347	0
129357	1
129374	0
129384	1
129400	0
129410	1
129425	0
129436	1
129451	0
129462	1
129478	0
129489	1
129504	0
129515	1
129530	0
129541	1
129556	0
129986	1
130002	0
130012	1
130029	0
130039	1
130054	0
130065	1
130080	0
130091	1
130106	0
130118	1
130133	0
130153	1
130159	0
130169	1
130186	0
130197	1
130212	0
130222	1
130239	0
130248	1
130264	0
130274	1
130291	0
130301	1
130317	0
130327	1
130343	0
130353	1
130368	0
130380	1
130395	0
130826	1
130841	0
130851	1
130867	0
130877	1
130893	0
130903	1
130919	0
130929	1
130946	0
130956	1
130972	0
130982	1
130998	0
131008	1
131025	0
131035	1
131050	0
131061	1
131076	0
131087	1
131102	0
131114	1
131129	0
131140	1
131155	0
131166	1
131181	0
131193	1
131208	0
131218	1
131234	0
131664	1
131706	0
131716	1
131732	0
131742	1
131758	0
131769	1
131784	0
131795	1
131810	0
131821	1
131836	0
131847	1
131862	0
131874	1
131889	0
131900	1
131915	0
131925	1
131941	0
131951	1
131968	0
131978	1
131994	0
132004	1
132020	0
132030	1
132047	0
132057	1
132072	0
132502	1
132518	0
132528	1
132545	0
132555	1
132570	0
132581	1
132596	0
132607	1
132622	0
132634	1
132649	0
132660	1
132675	0
132686	1
132701	0
132711	1
132728	0
132738	1
132754	0
132764	1
132780	0
132798	1
132806	0
132817	1
132832	0
132843	1
132859	0
132870	1
132885	0
132896	1
132911	0
133341	1
133357	0
133367	1
133383	0
133393	1
133409	0
133420	1
133435	0
133446	1
133461	0
133472	1
133487	0
133498	1
133513	0
133525	1
133540	0
133551	1
133566	0
133577	1
133592	0
133603	1
133618	0
133630	1
133645	0
133656	1
133671	0
133682	1
133697	0
133707	1
133723	0
133733	1
133750	0
134179	1
134196	0
134206	1
134221	0
134232	1
134248	0
134258	1
134274	0
134284	1
134301	0
134311	1
134326	0
134337	1
134352	0
134363	1
134378	0
134389	1
134404	0
134416	1
134431	0
134442	1
134457	0
134468	1
134483	0
134493	1
134510	0
134520	1
134536	0
134546	1
134562	0
134572	1
134589	0
135018	1
135034	0
135044	1
135060	0
135070	1
135087	0
135097	1
135113	0
135123	1
135139	0
135149	1
135164	0
135176	1
135191	0
135202	1
135217	0
135228	1
135243	0
135254	1
135269	0
135281	1
135296	0
135306	1
135322	0
135332	1
135348	0
135358	1
135375	0
135385	1
135401	0
135411	1
135427	0
135857	1
135873	0
135883	1
135899	0
135909	1
135925	0
135935	1
135950	0
135962	1
135977	0
135988	1
136003	0
136014	1
136029	0
136041	1
136056	0
136067	1
136082	0
136092	1
136108	0
136118	1
136135	0
136145	1
136161	0
136178	1
136188	0
136197	1
136213	0
136223	1
136240	0
136250	1
136266	0
137534	1
137550	0
137560	1
137576	0
137586	1
137602	0
137613	1
137629	0
137639	1
137655	0
137665	1
137680	0
137691	1
137706	0
137718	1
137733	0
137744	1
137759	0
137770	1
137785	0
137797	1
137812	0
137822	1
137838	0
137848	1
137864	0
137874	1
137891	0
137901	1
137917	0
137927	1
137943	0
138372	1
138388	0
138398	1
138415	0
138425	1
138441	0
138451	1
138467	0
138477	1
138494	0
138504	1
138520	0
138530	1
138545	0
138556	1
138571	0
138583	1
138598	0
138609	1
138624	0
138635	1
138650	0
138662	1
138677	0
138687	1
138703	0
138713	1
138729	0
138739	1
138755	0
138765	1
138782	0
140050	1
140066	0
140076	1
140092	0
140102	1
140117	0
140139	1
140144	0
140155	1
140170	0
140182	1
140197	0
140208	1
140223	0
140233	1
140249	0
140259	1
140275	0
140285	1
140302	0
140312	1
140328	0
140338	1
140354	0
140364	1
140381	0
140391	1
140406	0
140417	1
140432	0
140443	1
140458	0
140888	1
140904	0
140914	1
140931	0
140941	1
140957	0
140967	1
140983	0
140993	1
141008	0
141020	1
141035	0
141046	1
141061	0
141072	1
141087	0
141099	1
141114	0
141125	1
141140	0
141151	1
141166	0
141176	1
141193	0
141203	1
141219	0
141229	1
141245	0
141255	1
141271	0
141282	1
141298	0
142566	1
142581	0
142592	1
142607	0
142619	1
142634	0
142645	1
142660	0
142670	1
142686	0
142696	1
142713	0
142723	1
142739	0
142751	1
142765	0
142776	1
142791	0
142802	1
142817	0
142827	1
142844	0
142854	1
142870	0
142880	1
142896	0
142906	1
142923	0
142933	1
142949	0
142959	1
142975	0
143405	1
143421	0
143430	1
143447	0
143457	1
143473	0
143483	1
143499	0
143509	1
143525	0
143535	1
143551	0
143561	1
143578	0
143588	1
143604	0
143614	1
143630	0
143640	1
143655	0
143667	1
143682	0
143693	1
143708	0
143719	1
143734	0
143746	1
143761	0
143772	1
143787	0
143797	1
143813	0
145082	1
145097	0
145109	1
145124	0
145134	1
145150	0
145160	1
145176	0
145186	1
145202	0
145212	1
145229	0
145239	1
145255	0
145265	1
145281	0
145291	1
145308	0
145318	1
145333	0
145344	1
145359	0
145370	1
145389	0
145396	1
145411	0
145423	1
145438	0
145449	1
145464	0
145475	1
145490	0
145920	1
145936	0
145953	1
145962	0
145972	1
145989	0
145999	1
146015	0
146025	1
146041	0
146051	1
146068	0
146078	1
146093	0
146104	1
146119	0
146130	1
146145	0
146156	1
146172	0
146183	1
146198	0
146209	1
146224	0
146235	1
146250	0
146260	1
146277	0
146287	1
146303	0
146313	1
146329	0
157668	1
157684	0
157694	1
157709	0
157720	1
157735	0
157747	1
157762	0
157773	1
157788	0
157799	1
157814	0
157824	1
157867	0
157878	1
157894	0
157903	1
157920	0
157930	1
157945	0
157956	1
157972	0
157982	1
157998	0
158008	1
158024	0
158034	1
158051	0
158061	1
158077	0
158087	1
158103	0
158113	1
158128	0
158140	1
158155	0
158166	1
158181	0
158192	1
158207	0
158219	1
158234	0
158244	1
158260	0
158270	1
158286	0
158296	1
158313	0
158323	1
158339	0
158349	1
158365	0
158375	1
158391	0
158401	1
158418	0
158428	1
158443	0
158454	1
158469	0
158480	1
158495	0
158507	1
158522	0
158533	1
158548	0
158559	1
158574	0
158586	1
158601	0
158611	1
158626	0
158637	1
158654	0
158664	1
158679	0
158690	1
158705	0
158716	1
158731	0
158743	1
158758	0
158769	1
158784	0
158795	1
158810	0
158820	1
158836	0
158847	1
158863	0
158873	1
158889	0
158899	1
158915	0
158925	1
158942	0
158952	1
158968	0
158978	1
158994	0
159004	1
159019	0
159031	1
159046	0
159057	1
159072	0
159083	1
159098	0
159110	1
159125	0
159136	1
159151	0
159162	1
159178	0
159187	1
159204	0
159214	1
159229	0
159240	1
159256	0
159266	1
159281	0
159293	1
159308	0
159319	1
159334	0
159345	1
159360	0
159372	1
159387	0
159398	1
159413	0
159423	1
159439	0
159449	1
159466	0
159476	1
159492	0
159502	1
159518	0
159528	1
159544	0
159554	1
159571	0
159581	1
159596	0
159607	1
159622	0
159633	1
159648	0
159660	1
159675	0
159686	1
159701	0
159712	1
159727	0
159739	1
159754	0
159764	1
159780	0
159790	1
159806	0
159816	1
159833	0
159843	1
159859	0
159869	1
159885	0
159901	1
159911	0
159921	1
159936	0
159948	1
159963	0
159974	1
159989	0
160000	1
160015	0
160027	1
160042	0
160053	1
160068	0
160079	1
160094	0
160104	1
160121	0
160131	1
160147	0
160157	1
160173	0
160183	1
160200	0
160210	1
160226	0
160236	1
160252	0
160262	1
160277	0
160288	1
160304	0
160315	1
160330	0
160341	1
160356	0
160367	1
160382	0
160394	1
160409	0
160420	1
160435	0
160445	1
160469	0
160472	1
160488	0
160499	1
160514	0
160525	1
160539	0
160550	1
160567	0
160577	1
160593	0
160603	1
160619	0
160629	1
160645	0
160655	1
160671	0
160681	1
160696	0
160708	1
160723	0
160734	1
160749	0
160760	1
160775	0
160787	1
160802	0
160813	1
160828	0
160839	1
160854	0
160866	1
160881	0
160891	1
160907	0
160917	1
160933	0
160943	1
160959	0
160969	1
160986	0
160996	1
161012	0
162699	1
162715	0
162725	1
162742	0
162752	1
162768	0
162778	1
162794	0
162804	1
162821	0
162831	1
162846	0
162857	1
162872	0
162883	1
162898	0
162909	1
162924	0
162936	1
162951	0
162962	1
162977	0
162988	1
163003	0
163013	1
163056	0
163066	1
163082	0
163092	1
163109	0
164376	1
164393	0
164403	1
164419	0
164429	1
164445	0
164455	1
164478	0
164482	1
164497	0
164507	1
164524	0
164535	1
164550	0
164560	1
164575	0
164586	1
164603	0
164613	1
164629	0
164639	1
164654	0
164665	1
164680	0
164691	1
164706	0
164718	1
164733	0
164744	1
164759	0
164770	1
164785	0
166054	1
166070	0
166080	1
166096	0
166107	1
166122	0
166133	1
166148	0
166159	1
166174	0
166185	1
166200	0
166212	1
166227	0
166238	1
166253	0
166263	1
166279	0
166289	1
166306	0
166316	1
166332	0
166342	1
166358	0
166368	1
166385	0
166395	1
166411	0
166421	1
166436	0
166447	1
166462	0
166893	1
166908	0
166919	1
166934	0
166945	1
166961	0
166972	1
166987	0
166997	1
167013	0
167023	1
167039	0
167049	1
167066	0
167076	1
167101	0
167102	1
167117	0
167129	1
167144	0
167155	1
167170	0
167181	1
167196	0
167208	1
167223	0
167234	1
167249	0
167259	1
167275	0
167285	1
167302	0
167731	1
167746	0
167758	1
167773	0
167784	1
167799	0
167810	1
167833	0
167836	1
167852	0
167862	1
167878	0
167888	1
167904	0
167914	1
167931	0
167941	1
167957	0
167967	1
167983	0
167993	1
168009	0
168019	1
168036	0
168046	1
168061	0
168072	1
168087	0
168098	1
168113	0
168125	1
168140	0
168570	1
168585	0
168596	1
168611	0
168623	1
168638	0
168649	1
168664	0
168675	1
168690	0
168702	1
168717	0
168727	1
168743	0
168753	1
168769	0
168779	1
168795	0
168805	1
168822	0
168832	1
168848	0
168858	1
168874	0
168884	1
168901	0
168911	1
168926	0
168937	1
168952	0
168963	1
168978	0
170247	1
170263	0
170273	1
170289	0
170299	1
170316	0
170326	1
170342	0
170352	1
170368	0
170378	1
170393	0
170405	1
170420	0
170431	1
170447	0
170457	1
170473	0
170483	1
170499	0
170509	1
170524	0
170536	1
170551	0
170562	1
170577	0
170588	1
170603	0
170614	1
170629	0
170641	1
170656	0
171086	1
171101	0
171113	1
171128	0
171138	1
171154	0
171164	1
171180	0
171190	1
171207	0
171217	1
171233	0
171243	1
171259	0
171269	1
171285	0
171295	1
171310	0
171322	1
171337	0
171348	1
171363	0
171374	1
171389	0
171401	1
171416	0
171427	1
171442	0
171453	1
171468	0
171478	1
171495	0
171924	1
171941	0
171951	1
171967	0
171977	1
171992	0
172003	1
172018	0
172030	1
172045	0
172056	1
172071	0
172082	1
172097	0
172108	1
172123	0
172133	1
172150	0
172160	1
172176	0
172186	1
172202	0
172212	1
172229	0
172239	1
172255	0
172265	1
172280	0
172291	1
172306	0
172318	1
172340	0
173602	1
173617	0
173628	1
173643	0
173654	1
173675	0
173680	1
173695	0
173707	1
173722	0
173733	1
173748	0
173759	1
173774	0
173786	1
173801	0
173812	1
173827	0
173837	1
173853	0
173863	1
173880	0
173890	1
173906	0
173916	1
173932	0
173942	1
173958	0
173968	1
173985	0
173995	1
174010	0
175279	1
175294	0
175304	1
175321	0
175331	1
175347	0
175357	1
175373	0
175383	1
175400	0
175410	1
175426	0
175436	1
175452	0
175462	1
175479	0
175489	1
175504	0
175515	1
175530	0
175541	1
175556	0
175567	1
175582	0
175594	1
175609	0
175620	1
175635	0
175646	1
175661	0
175671	1
175688	0
176117	1
176133	0
176143	1
176160	0
176170	1
176186	0
176196	1
176212	0
176222	1
176238	0
176248	1
176290	0
176301	1
176317	0
176327	1
176343	0
176354	1
176369	0
176380	1
176396	0
176406	1
176421	0
176432	1
176447	0
176459	1
176474	0
176485	1
176500	0
176510	1
176526	0
177795	1
177811	0
177821	1
177836	0
177847	1
177862	0
177874	1
177889	0
177900	1
177915	0
177926	1
177941	0
177953	1
177968	0
177978	1
177994	0
178004	1
178020	0
178030	1
178047	0
178057	1
178073	0
178083	1
178099	0
178109	1
178124	0
178136	1
178151	0
178162	1
178177	0
178188	1
178203	0
178634	1
178649	0
178660	1
178675	0
178686	1
178701	0
178712	1
178727	0
178739	1
178754	0
178765	1
178780	0
178790	1
178806	0
178816	1
178833	0
178843	1
178859	0
178869	1
178885	0
178903	1
178911	0
178922	1
178938	0
178948	1
178964	0
178974	1
178990	0
179000	1
179015	0
179027	1
179042	0
179472	1
179488	0
179499	1
179514	0
179525	1
179540	0
179550	1
179576	0
179577	1
179592	0
179602	1
179619	0
179629	1
179645	0
179657	1
179672	0
179708	1
179723	0
179735	1
179750	0
179761	1
179776	0
179787	1
179802	0
179812	1
179828	0
179838	1
179855	0
179865	1
179881	0
181149	1
181166	0
181176	1
181191	0
181202	1
181217	0
181228	1
181243	0
181254	1
181269	0
181281	1
181296	0
181307	1
181322	0
181333	1
181348	0
181358	1
181375	0
181385	1
181401	0
181411	1
181427	0
181437	1
181454	0
181464	1
181480	0
181490	1
181506	0
181516	1
181541	0
181543	1
181558	0
182826	1
182842	0
182853	1
182869	0
182879	1
182895	0
182905	1
182921	0
182931	1
182946	0
182958	1
182973	0
182984	1
182999	0
183010	1
183052	0
183062	1
183078	0
183088	1
183105	0
183115	1
183131	0
183141	1
183157	0
183167	1
183182	0
183194	1
183209	0
183220	1
183235	0
183665	1
183680	0
183692	1
183707	0
183718	1
183733	0
183744	1
183759	0
183771	1
183786	0
183796	1
183812	0
183822	1
183838	0
183848	1
183865	0
183875	1
183891	0
183901	1
183917	0
183927	1
183943	0
183953	1
183970	0
183980	1
183995	0
184006	1
184021	0
184032	1
184047	0
184059	1
184074	0
185343	1
185358	0
185369	1
185384	0
185394	1
185411	0
185421	1
185437	0
185447	1
185463	0
185485	1
185490	0
185499	1
185516	0
185527	1
185541	0
185552	1
185569	0
185578	1
185594	0
185604	1
185621	0
185631	1
185647	0
185657	1
185673	0
185683	1
185698	0
185710	1
185725	0
185736	1
185751	0
187020	1
187036	0
187046	1
187062	0
187072	1
187088	0
187098	1
187114	0
187125	1
187140	0
187151	1
187166	0
187177	1
187192	0
187204	1
187219	0
187229	1
187245	0
187255	1
187271	0
187281	1
187298	0
187308	1
187324	0
187334	1
187350	0
187360	1
187377	0
187387	1
187403	0
187413	1
187428	0
187859	1
187874	0
187885	1
187900	0
187910	1
187926	0
187937	1
187953	0
187963	1
187979	0
187989	1
188005	0
188015	1
188032	0
188042	1
188058	0
188068	1
188083	0
188094	1
188109	0
188130	1
188136	0
188146	1
188162	0
188172	1
188189	0
188199	1
188215	0
188225	1
188241	0
188251	1
188268	0
188698	1
188713	0
188724	1
188739	0
188749	1
188765	0
188775	1
188791	0
188801	1
188818	0
188828	1
188844	0
188854	1
188870	0
188880	1
188896	0
188907	1
188922	0
188932	1
188949	0
188959	1
188975	0
188985	1
189001	0
189011	1
189027	0
189037	1
189054	0
189064	1
189080	0
189090	1
189105	0
190375	1
190390	0
190401	1
190416	0
190426	1
190442	0
190452	1
190469	0
190479	1
190495	0
190505	1
190521	0
190531	1
190548	0
190558	1
190574	0
190584	1
190600	0
190610	1
190625	0
190636	1
190652	0
190663	1
190678	0
190689	1
190704	0
190715	1
190730	0
190742	1
190757	0
190768	1
190783	0
191213	1
191229	0
191239	1
191255	0
191265	1
191281	0
191291	1
191308	0
191318	1
191333	0
191344	1
191359	0
191370	1
191385	0
191397	1
191412	0
191423	1
191438	0
191449	1
191465	0
191475	1
191491	0
191501	1
191516	0
191527	1
191543	0
191554	1
191569	0
191580	1
191595	0
191606	1
191621	0
192052	1
192067	0
192078	1
192094	0
192104	1
192120	0
192131	1
192146	0
192156	1
192173	0
192183	1
192198	0
192209	1
192224	0
192235	1
192250	0
192262	1
192277	0
192288	1
192303	0
192314	1
192329	0
192340	1
192355	0
192365	1
192382	0
192392	1
192408	0
192418	1
192434	0
192444	1
192461	0
193729	1
193745	0
193755	1
193770	0
193781	1
193796	0
193808	1
193823	0
193834	1
193849	0
193860	1
193875	0
193885	1
193902	0
193912	1
193928	0
193938	1
193954	0
193964	1
193981	0
193991	1
194007	0
194017	1
194033	0
194043	1
194058	0
194070	1
194085	0
194096	1
194111	0
194121	1
194138	0
194567	1
194584	0
194594	1
194609	0
194620	1
194635	0
194646	1
194661	0
194683	1
194687	0
194698	1
194715	0
194725	1
194740	0
194751	1
194766	0
194777	1
194793	0
194803	1
194819	0
194829	1
194846	0
194856	1
194871	0
194882	1
194897	0
194908	1
194923	0
194935	1
194950	0
194961	1
194976	0
195406	1
195423	0
195432	1
195448	0
195458	1
195474	0
195484	1
195501	0
195511	1
195527	0
195537	1
195552	0
195577	1
195579	0
195589	1
195604	0
195616	1
195631	0
195642	1
195657	0
195668	1
195683	0
195700	1
195710	0
195720	1
195736	0
195746	1
195763	0
195773	1
195789	0
195799	1
195815	0
196245	1
196260	0
196271	1
196286	0
196298	1
196313	0
196324	1
196339	0
196349	1
196365	0
196375	1
196391	0
196401	1
196418	0
196428	1
196444	0
196454	1
196470	0
196480	1
196497	0
196507	1
196522	0
196533	1
196548	0
196559	1
196574	0
196586	1
196601	0
196612	1
196627	0
196638	1
196653	0
197083	1
197098	0
197110	1
197125	0
197136	1
197151	0
197162	1
197177	0
197189	1
197204	0
197215	1
197230	0
197240	1
197256	0
197266	1
197283	0
197293	1
197309	0
197319	1
197342	0
197345	1
197361	0
197371	1
197387	0
197397	1
197414	0
197424	1
197440	0
197450	1
197466	0
197476	1
197493	0
197922	1
197937	0
197949	1
197964	0
197975	1
197990	0
198000	1
198016	0
198026	1
198042	0
198052	1
198075	0
198079	1
198095	0
198105	1
198121	0
198131	1
198148	0
198158	1
198174	0
198184	1
198199	0
198210	1
198225	0
198237	1
198252	0
198263	1
198278	0
198289	1
198304	0
198315	1
198330	0
198760	1
198776	0
198786	1
198803	0
198813	1
198829	0
198839	1
198855	0
198865	1
198881	0
198891	1
198908	0
198918	1
198933	0
198944	1
198959	0
198970	1
198985	0
198997	1
199012	0
199023	1
199038	0
199049	1
199064	0
199076	1
199091	0
199101	1
199117	0
199127	1
199143	0
199153	1
199170	0
199599	1
199614	0
199626	1
199641	0
199652	1
199667	0
199678	1
199693	0
199704	1
199719	0
199731	1
199746	0
199756	1
199772	0
199782	1
199798	0
199808	1
199825	0
199835	1
199851	0
199861	1
199877	0
199887	1
199904	0
199914	1
199937	0
199940	1
199956	0
199966	1
199982	0
199992	1
200008	0
200438	1
200453	0
200464	1
200479	0
200491	1
200506	0
200517	1
200532	0
200542	1
200558	0
200568	1
200585	0
200595	1
200611	0
200621	1
200637	0
200647	1
200671	0
200673	1
200689	0
200699	1
200716	0
200726	1
200742	0
200752	1
200768	0
200778	1
200795	0
200805	1
200821	0
200831	1
200846	0
201276	1
201293	0
201302	1
201319	0
201329	1
201344	0
201354	1
201371	0
201381	1
201397	0
201407	1
201423	0
201433	1
201450	0
201460	1
201476	0
201486	1
201502	0
201512	1
201529	0
201539	1
201554	0
201565	1
201580	0
201591	1
201606	0
201617	1
201632	0
201644	1
201659	0
201670	1
201685	0
202116	1
202131	0
202141	1
202157	0
202167	1
202183	0
202193	1
202210	0
202220	1
202236	0
202246	1
202262	0
202272	1
202288	0
202298	1
202315	0
202325	1
202340	0
202351	1
202366	0
202377	1
202392	0
202404	1
202419	0
202430	1
202445	0
202456	1
202471	0
202483	1
202498	0
202508	1
202524	0
202954	1
202969	0
202980	1
202995	0
203006	1
203048	0
203059	1
203074	0
203085	1
203100	0
203110	1
203127	0
203137	1
203153	0
203163	1
203179	0
203189	1
203205	0
203215	1
203232	0
203242	1
203258	0
203268	1
203284	0
203294	1
203310	0
203321	1
203336	0
203347	1
203362	0
203793	1
203808	0
203819	1
203834	0
203845	1
203860	0
203870	1
203887	0
203897	1
203939	0
203950	1
203965	0
203976	1
203992	0
204002	1
204018	0
204029	1
204044	0
204054	1
204070	0
204080	1
204097	0
204107	1
204123	0
204133	1
204149	0
204159	1
204174	0
204186	1
204201	0
204631	1
204646	0
204664	1
204673	0
204684	1
204699	0
204710	1
204725	0
204736	1
204751	0
204761	1
204778	0
204788	1
204804	0
204814	1
204830	0
204840	1
204857	0
204867	1
204883	0
204893	1
204909	0
204919	1
204934	0
204945	1
204961	0
204972	1
204987	0
204998	1
205013	0
205024	1
205039	0
205469	1
205486	0
205496	1
205512	0
205522	1
205538	0
205548	1
205564	0
205574	1
205589	0
205601	1
205616	0
205627	1
205642	0
205653	1
205668	0
205680	1
205695	0
205706	1
205721	0
205731	1
205747	0
205757	1
205774	0
205784	1
205800	0
205810	1
205826	0
205836	1
205853	0
205863	1
205879	0
206308	1
206324	0
206334	1
206350	0
206360	1
206377	0
206387	1
206403	0
206413	1
206429	0
206439	1
206455	0
206465	1
206480	0
206492	1
206507	0
206518	1
206539	0
206544	1
206560	0
206570	1
206586	0
206596	1
206613	0
206623	1
206638	0
206649	1
206664	0
206675	1
206690	0
206702	1
206717	0
207147	1
207162	0
207172	1
207189	0
207199	1
207215	0
207225	1
207241	0
207251	1
207270	0
207278	1
207293	0
207305	1
207320	0
207331	1
207346	0
207356	1
207372	0
207382	1
207398	0
207408	1
207425	0
207435	1
207451	0
207461	1
207477	0
207487	1
207504	0
207514	1
207530	0
207540	1
207555	0
207985	1
208000	0
208012	1
208027	0
208038	1
208053	0
208064	1
208079	0
208091	1
208106	0
208117	1
208132	0
208143	1
208158	0
208168	1
208185	0
208195	1
208211	0
208221	1
208237	0
208247	1
208263	0
208273	1
208290	0
208300	1
208315	0
208326	1
208342	0
208352	1
208367	0
208379	1
208394	0
208824	1
208840	0
208850	1
208866	0
208877	1
208892	0
208903	1
208918	0
208929	1
208944	0
208955	1
208970	0
208982	1
208997	0
209008	1
209023	0
209033	1
209049	0
209059	1
209076	0
209086	1
209102	0
209112	1
209135	0
209138	1
209155	0
209165	1
209181	0
209191	1
209206	0
209217	1
209232	0
209663	1
209678	0
209688	1
209705	0
209715	1
209731	0
209741	1
209757	0
209767	1
209784	0
209794	1
209810	0
209820	1
209836	0
209846	1
209866	0
209873	1
209888	0
209898	1
209914	0
209924	1
209941	0
209951	1
209967	0
209977	1
209993	0
210003	1
210019	0
210029	1
210046	0
210056	1
210072	0
210502	1
210517	0
210528	1
210543	0
210553	1
210569	0
210579	1
210596	0
210606	1
210622	0
210632	1
210648	0
210658	1
210675	0
210685	1
210701	0
210711	1
210726	0
210737	1
210752	0
210764	1
210779	0
210790	1
210805	0
210816	1
210831	0
210843	1
210858	0
210869	1
210884	0
210894	1
210910	0
212178	1
212194	0
212204	1
212221	0
212231	1
212247	0
212257	1
212272	0
212284	1
212299	0
212310	1
212325	0
212336	1
212351	0
212362	1
212377	0
212389	1
212404	0
212415	1
212430	0
212440	1
212456	0
212466	1
212483	0
212493	1
212508	0
212520	1
212535	0
212546	1
212561	0
212572	1
212587	0
213050	1
213059	0
213070	1
213085	0
213122	1
213138	0
213148	1
213164	0
213175	1
213190	0
213201	1
213217	0
213226	1
213243	0
213253	1
213269	0
213279	1
213295	0
213305	1
213322	0
213332	1
213348	0
213358	1
213373	0
213384	1
213399	0
213411	1
213426	0
213860	1
213871	0
213882	1
213897	0
213909	1
213924	0
213935	1
213950	0
213961	1
213976	0
213987	1
214002	0
214012	1
214029	0
214039	1
214055	0
214065	1
214081	0
214091	1
214108	0
214118	1
214134	0
214144	1
214160	0
214170	1
214187	0
214197	1
214212	0
214223	1
214238	0
214249	1
214264	0
214695	1
214710	0
214721	1
214736	0
214747	1
214762	0
214774	1
214789	0
214800	1
214815	0
214825	1
214841	0
214851	1
214867	0
214878	1
214894	0
214904	1
214920	0
214930	1
214946	0
214956	1
214973	0
214983	1
214999	0
215009	1
215024	0
215035	1
215050	0
215062	1
215077	0
215088	1
215103	0
215533	1
215549	0
215559	1
215575	0
215585	1
215602	0
215612	1
215628	0
215638	1
215654	0
215664	1
215680	0
215690	1
215705	0
215717	1
215734	0
215742	1
215759	0
215769	1
215785	0
215795	1
215811	0
215821	1
215838	0
215848	1
215864	0
215874	1
215889	0
215900	1
215915	0
215927	1
215942	0
216371	1
216387	0
216398	1
216414	0
216424	1
216440	0
216450	1
216466	0
216477	1
216492	0
216503	1
216518	0
216530	1
216545	0
216556	1
216571	0
216581	1
216597	0
216607	1
216623	0
216633	1
216650	0
216660	1
216676	0
216686	1
216702	0
216712	1
216727	0
216739	1
216754	0
216765	1
216780	0
218049	1
218065	0
218076	1
218091	0
218101	1
218117	0
218127	1
218143	0
218153	1
218170	0
218180	1
218196	0
218206	1
218222	0
218232	1
218249	0
218259	1
218275	0
218285	1
218300	0
218311	1
218326	0
218337	1
218353	0
218363	1
218379	0
218390	1
218405	0
218416	1
218431	0
218442	1
218457	0
218888	1
218903	0
218913	1
218930	0
218940	1
218956	0
218966	1
218982	0
218992	1
219008	0
219018	1
219035	0
219045	1
219061	0
219073	1
219087	0
219097	1
219113	0
219123	1
219140	0
219150	1
219166	0
219176	1
219191	0
219202	1
219217	0
219229	1
219244	0
219255	1
219270	0
219281	1
219296	0
219727	1
219742	0
219752	1
219768	0
219778	1
219794	0
219805	1
219821	0
219831	1
219847	0
219857	1
219873	0
219883	1
219900	0
219910	1
219925	0
219936	1
219951	0
219962	1
219977	0
219989	1
220004	0
220015	1
220030	0
220041	1
220056	0
220068	1
220083	0
220093	1
220109	0
220119	1
220135	0
221403	1
221419	0
221429	1
221446	0
221456	1
221472	0
221482	1
221498	0
221508	1
221525	0
221535	1
221551	0
221587	1
221602	0
221614	1
221629	0
221640	1
221655	0
221665	1
221681	0
221702	1
221707	0
221718	1
221733	0
221752	1
221759	0
221770	1
221786	0
221797	1
221812	0
222242	1
222258	0
222268	1
222284	0
222294	1
222310	0
222331	1
222336	0
222347	1
222363	0
222373	1
222389	0
222400	1
222415	0
222426	1
222441	0
222452	1
222467	0
222478	1
222494	0
222505	1
222520	0
222530	1
222546	0
222556	1
222572	0
222582	1
222599	0
222609	1
222625	0
222635	1
222651	0
223080	1
223099	0
223107	1
223123	0
223133	1
223149	0
223159	1
223175	0
223185	1
223202	0
223212	1
223228	0
223238	1
223253	0
223264	1
223279	0
223291	1
223306	0
223317	1
223332	0
223343	1
223358	0
223370	1
223385	0
223396	1
223411	0
223421	1
223437	0
223447	1
223463	0
223473	1
223490	0
223919	1
223936	0
223946	1
223962	0
223972	1
223987	0
223998	1
224013	0
224024	1
224039	0
224051	1
224066	0
224077	1
224092	0
224103	1
224118	0
224129	1
224145	0
224155	1
224171	0
224181	1
224197	0
224207	1
224224	0
224234	1
224250	0
224260	1
224276	0
224286	1
224301	0
224313	1
224328	0
224758	1
224774	0
224784	1
224799	0
224811	1
224826	0
224837	1
224852	0
224863	1
224878	0
224890	1
224905	0
224916	1
224931	0
224941	1
224957	0
224980	1
224984	0
224994	1
225010	0
225020	1
225036	0
225046	1
225063	0
225073	1
225088	0
225099	1
225114	0
225125	1
225140	0
225151	1
225166	0
225596	1
225612	0
225622	1
225639	0
225649	1
225665	0
225675	1
225691	0
225701	1
225717	0
225728	1
225743	0
225754	1
225769	0
225781	1
225796	0
225807	1
225822	0
225832	1
225848	0
225858	1
225875	0
225885	1
225901	0
225911	1
225927	0
225937	1
225953	0
225963	1
225980	0
225990	1
226005	0
226436	1
226451	0
226462	1
226477	0
226487	1
226503	0
226513	1
226530	0
226540	1
226556	0
226566	1
226582	0
226592	1
226609	0
226619	1
226635	0
226645	1
226660	0
226671	1
226686	0
226698	1
226713	0
226724	1
226739	0
226750	1
226765	0
226777	1
226792	0
226803	1
226818	0
226828	1
226844	0
227274	1
227289	0
227301	1
227316	0
227326	1
227342	0
227352	1
227368	0
227378	1
227395	0
227405	1
227421	0
227431	1
227447	0
227457	1
227472	0
227484	1
227499	0
227510	1
227525	0
227536	1
227551	0
227597	1
227604	0
227615	1
227630	0
227641	1
227656	0
227667	1
227683	0
228112	1
228129	0
228139	1
228155	0
228165	1
228180	0
228191	1
228206	0
228218	1
228233	0
228244	1
228259	0
228270	1
228285	0
228296	1
228312	0
228323	1
228338	0
228352	1
228365	0
228375	1
228390	0
228401	1
228416	0
228428	1
228443	0
228453	1
228469	0
228479	1
228495	0
228505	1
228522	0
228951	1
228968	0
228977	1
228993	0
229004	1
229019	0
229030	1
229045	0
229055	1
229072	0
229082	1
229098	0
229108	1
229124	0
229134	1
229151	0
229161	1
229177	0
229187	1
229202	0
229213	1
229228	0
229240	1
229255	0
229266	1
229281	0
229292	1
229307	0
229319	1
229334	0
229345	1
229360	0
229790	1
229805	0
229815	1
229832	0
229842	1
229858	0
229868	1
229884	0
229894	1
229911	0
229921	1
229937	0
229947	1
229963	0
229973	1
229988	0
230000	1
230015	0
230026	1
230041	0
230052	1
230067	0
230078	1
230093	0
230105	1
230120	0
230131	1
230146	0
230157	1
230172	0
230182	1
230199	0
230628	1
230644	0
230654	1
230671	0
230681	1
230697	0
230707	1
230723	0
230733	1
230749	0
230759	1
230774	0
230786	1
230801	0
230812	1
230827	0
230838	1
230853	0
230865	1
230880	0
230891	1
230906	0
230917	1
230932	0
230944	1
230960	0
230969	1
230985	0
230995	1
231011	0
231021	1
231038	0
231467	1
231482	0
231493	1
231508	0
231545	1
231562	0
231572	1
231587	0
231598	1
231613	0
231625	1
231640	0
231651	1
231666	0
231677	1
231692	0
231702	1
231719	0
231729	1
231745	0
231755	1
231771	0
231781	1
231798	0
231808	1
231824	0
231834	1
231849	0
231860	1
231875	0
232306	1
232322	0
232332	1
232348	0
232358	1
232373	0
232384	1
232399	0
232411	1
232426	0
232437	1
232452	0
232463	1
232478	0
232490	1
232505	0
232516	1
232531	0
232541	1
232557	0
232567	1
232584	0
232594	1
232610	0
232620	1
232636	0
232646	1
232662	0
232672	1
232689	0
232699	1
232714	0
233983	1
233998	0
234009	1
234024	0
234036	1
234051	0
234062	1
234077	0
234088	1
234103	0
234114	1
234130	0
234141	1
234156	0
234166	1
234182	0
234193	1
234208	0
234219	1
234235	0
234246	1
234261	0
234272	1
234286	0
234298	1
234313	0
234324	1
234339	0
234350	1
234365	0
234377	1
234392	0
235660	1
235676	0
235686	1
235704	0
235713	1
235728	0
235739	1
235754	0
235764	1
235781	0
235791	1
235807	0
235817	1
235833	0
235843	1
235860	0
235870	1
235886	0
235896	1
235912	0
235922	1
235937	0
235949	1
235964	0
235975	1
235990	0
236001	1
236016	0
236028	1
236043	0
236054	1
236069	0
236499	1
236514	0
236525	1
236540	0
236552	1
236567	0
236578	1
236593	0
236604	1
236619	0
236630	1
236645	0
236655	1
236672	0
236682	1
236698	0
236708	1
236724	0
236734	1
236751	0
236761	1
236777	0
236787	1
236803	0
236813	1
236830	0
236839	1
236855	0
236866	1
236881	0
236892	1
236907	0
237337	1
237353	0
237363	1
237380	0
237390	1
237406	0
237416	1
237432	0
237442	1
237458	0
237468	1
237485	0
237495	1
237510	0
237521	1
237536	0
237547	1
237571	0
237574	1
237589	0
237600	1
237615	0
237625	1
237641	0
237651	1
237668	0
237678	1
237694	0
237704	1
237720	0
237730	1
237747	0
238177	1
238192	0
238203	1
238217	0
238228	1
238245	0
238255	1
238270	0
238281	1
238296	0
238307	1
238322	0
238334	1
238349	0
238360	1
238375	0
238386	1
238401	0
238411	1
238428	0
238438	1
238454	0
238464	1
238480	0
238490	1
238507	0
238517	1
238533	0
238543	1
238559	0
238569	1
238584	0
239015	1
239030	0
239041	1
239056	0
239067	1
239082	0
239094	1
239109	0
239120	1
239135	0
239146	1
239161	0
239173	1
239188	0
239198	1
239214	0
239224	1
239240	0
239250	1
239266	0
239277	1
239293	0
239303	1
239319	0
239329	1
239345	0
239355	1
239370	0
239382	1
239397	0
239408	1
239423	0
239853	1
239869	0
239879	1
239895	0
239905	1
239922	0
239932	1
239948	0
239958	1
239974	0
239984	1
239999	0
240011	1
240026	0
240037	1
240052	0
240063	1
240078	0
240090	1
240105	0
240116	1
240131	0
240142	1
240157	0
240167	1
240187	0
240194	1
240209	0
240221	1
240236	0
240247	1
240262	0
240692	1
240708	0
240718	1
240734	0
240744	1
240762	0
240770	1
240787	0
240798	1
240812	0
240823	1
240838	0
240849	1
240865	0
240876	1
240891	0
240902	1
240917	0
240927	1
240944	0
240954	1
240970	0
240980	1
240996	0
241006	1
241022	0
241033	1
241049	0
241059	1
241075	0
241085	1
241100	0
241531	1
241546	0
241557	1
241572	0
241582	1
241599	0
241609	1
241625	0
241635	1
241651	0
241661	1
241678	0
241688	1
241704	0
241714	1
241730	0
241740	1
241757	0
241767	1
241782	0
241793	1
241808	0
241819	1
241834	0
241845	1
241860	0
241872	1
241887	0
241898	1
241913	0
241923	1
241939	0
242369	1
242385	0
242396	1
242411	0
242422	1
242437	0
242449	1
242464	0
242474	1
242490	0
242500	1
242516	0
242526	1
242543	0
242553	1
242569	0
242579	1
242594	0
242605	1
242620	0
242632	1
242647	0
242658	1
242673	0
242684	1
242699	0
242710	1
242725	0
242737	1
242752	0
242762	1
242778	0
243208	1
243223	0
243234	1
243249	0
243261	1
243276	0
243287	1
243302	0
243313	1
243328	0
243340	1
243355	0
243365	1
243381	0
243399	1
243407	0
243418	1
243433	0
243444	1
243460	0
243470	1
243486	0
243497	1
243511	0
243523	1
243538	0
243549	1
243591	0
243601	1
243617	0
244886	1
244901	0
244911	1
244927	0
244937	1
244953	0
244963	1
244980	0
244990	1
245006	0
245016	1
245032	0
245042	1
245059	0
245069	1
245084	0
245095	1
245110	0
245121	1
245136	0
245147	1
245163	0
245174	1
245189	0
245200	1
245215	0
245226	1
245241	0
245251	1
245268	0
245278	1
245294	0
245724	1
245739	0
245751	1
245766	0
245776	1
245792	0
245802	1
245818	0
245828	1
245844	0
245855	1
245871	0
245881	1
245897	0
245907	1
245923	0
245933	1
245950	0
245960	1
245975	0
245986	1
246001	0
246012	1
246027	0
246041	1
246053	0
246065	1
246080	0
246091	1
246106	0
246117	1
246132	0
246562	1
246578	0
246588	1
246605	0
246615	1
246631	0
246641	1
246657	0
246667	1
246683	0
246694	1
246709	0
246720	1
246735	0
246746	1
246761	0
246772	1
246788	0
246798	1
246814	0
246824	1
246840	0
246850	1
246867	0
246877	1
246893	0
246903	1
246919	0
246929	1
246946	0
246956	1
246971	0
247401	1
247417	0
247427	1
247443	0
247453	1
247470	0
247480	1
247495	0
247506	1
247521	0
247532	1
247547	0
247559	1
247574	0
247585	1
247600	0
247611	1
247626	0
247637	1
247653	0
247663	1
247679	0
247689	1
247705	0
247715	1
247732	0
247742	1
247758	0
247768	1
247784	0
247794	1
247810	0
248240	1
248255	0
248266	1
248281	0
248292	1
248307	0
248319	1
248334	0
248345	1
248360	0
248371	1
248386	0
248398	1
248413	0
248423	1
248439	0
248449	1
248465	0
248475	1
248491	0
248501	1
248518	0
248528	1
248544	0
248554	1
248570	0
248580	1
248595	0
248607	1
248622	0
248638	1
248649	0
249079	1
249094	0
249105	1
249120	0
249131	1
249146	0
249158	1
249173	0
249183	1
249199	0
249209	1
249225	0
249235	1
249251	0
249262	1
249278	0
249288	1
249304	0
249314	1
249329	0
249340	1
249355	0
249369	1
249383	0
249393	1
249409	0
249419	1
249435	0
249445	1
249460	0
249471	1
249487	0
249918	1
249958	0
249969	1
249986	0
249995	1
250011	0
250022	1
250037	0
250048	1
250063	0
250075	1
250090	0
250101	1
250116	0
250126	1
250142	0
250152	1
250169	0
250179	1
250195	0
250205	1
250221	0
250231	1
250248	0
250258	1
250274	0
250284	1
250299	0
250310	1
250325	0
250756	1
250771	0
250781	1
250798	0
250808	1
250824	0
250834	1
250850	0
250860	1
250876	0
250886	1
250903	0
250913	1
250928	0
250939	1
250954	0
250965	1
250980	0
250992	1
251007	0
251018	1
251033	0
251044	1
251059	0
251069	1
251086	0
251096	1
251112	0
251122	1
251138	0
251148	1
251165	0
251595	1
251610	0
251620	1
251636	0
251646	1
251662	0
251672	1
251689	0
251705	1
251715	0
251725	1
251741	0
251751	1
251767	0
251778	1
251793	0
251804	1
251819	0
251830	1
251845	0
251857	1
251872	0
251883	1
251898	0
251909	1
251924	0
251934	1
251951	0
251961	1
251977	0
251987	1
252003	0
252433	1
252448	0
252459	1
252474	0
252486	1
252501	0
252512	1
252527	0
252538	1
252553	0
252563	1
252580	0
252596	1
252606	0
252616	1
252632	0
252642	1
252659	0
252669	1
252685	0
252695	1
252710	0
252721	1
252736	0
252747	1
252763	0
252774	1
252789	0
252800	1
252815	0
252826	1
252841	0
253272	1
253287	0
253298	1
253313	0
253324	1
253339	0
253350	1
253366	0
253377	1
253392	0
253402	1
253419	0
253429	1
253445	0
253455	1
253470	0
253481	1
253496	0
253508	1
253523	0
253534	1
253549	0
253560	1
253575	0
253586	1
253602	0
253613	1
253628	0
253638	1
253654	0
253664	1
253680	0
254110	1
254125	0
254137	1
254152	0
254163	1
254178	0
254189	1
254204	0
254216	1
254231	0
254241	1
254257	0
254267	1
254283	0
254293	1
254309	0
254319	1
254336	0
254346	1
254362	0
254372	1
254388	0
254398	1
254415	0
254425	1
254440	0
254451	1
254466	0
254477	1
254492	0
254504	1
254519	0
254949	1
254964	0
254975	1
254991	0
255001	1
255017	0
255027	1
255043	0
255053	1
255069	0
255079	1
255096	0
255106	1
255122	0
255132	1
255148	0
255158	1
255173	0
255185	1
255200	0
255211	1
255228	0
255237	1
255252	0
255263	1
255278	0
255290	1
255305	0
255316	1
255331	0
255342	1
255357	0
255787	1
255803	0
255813	1
255829	0
255839	1
255856	0
255866	1
255882	0
255892	1
255908	0
255918	1
255935	0
255945	1
255960	0
255971	1
255987	0
255997	1
256013	0
256023	1
256039	0
256049	1
256064	0
256076	1
256091	0
256102	1
256117	0
256128	1
256143	0
256155	1
256170	0
256181	1
256196	0
256626	1
256642	0
256652	1
256668	0
256678	1
256695	0
256705	1
256721	0
256731	1
256746	0
256757	1
256772	0
256783	1
256798	0
256810	1
256825	0
256836	1
256851	0
256862	1
256877	0
256889	1
256904	0
256914	1
256930	0
256940	1
256956	0
256966	1
256983	0
256993	1
257009	0
257019	1
257035	0
257465	1
257480	0
257491	1
257506	0
257517	1
257532	0
257544	1
257559	0
257569	1
257585	0
257595	1
257611	0
257621	1
257638	0
257648	1
257664	0
257674	1
257690	0
257700	1
257717	0
257727	1
257742	0
257753	1
257768	0
257779	1
257794	0
257806	1
257821	0
257841	1
257848	0
257858	1
257874	0
258304	1
258319	0
258329	1
258345	0
258355	1
258371	0
258381	1
258398	0
258408	1
258424	0
258434	1
258450	0
258460	1
258477	0
258487	1
258502	0
258513	1
258528	0
258539	1
258554	0
258572	1
258581	0
258591	1
258608	0
258618	1
258634	0
258644	1
258659	0
258670	1
258685	0
258697	1
258712	0
259148	1
259158	0
259168	1
259184	0
259194	1
259210	0
259220	1
259237	0
259247	1
259262	0
259273	1
259288	0
259299	1
259314	0
259326	1
259341	0
259352	1
259367	0
259378	1
259393	0
259404	1
259419	0
259431	1
259446	0
259456	1
259472	0
259482	1
259498	0
259508	1
259525	0
259535	1
259551	0
259980	1
259997	0
260007	1
260022	0
260033	1
260048	0
260059	1
260074	0
260086	1
260101	0
260112	1
260127	0
260138	1
260153	0
260163	1
260180	0
260190	1
260206	0
260216	1
260232	0
260242	1
260259	0
260269	1
260285	0
260295	1
260311	0
260321	1
260337	0
260347	1
260362	0
260374	1
260389	0
260819	1
260834	0
260845	1
260861	0
260872	1
260887	0
260898	1
260913	0
260924	1
260939	0
260951	1
260966	0
260976	1
260992	0
261002	1
261018	0
261028	1
261045	0
261055	1
261071	0
261081	1
261097	0
261107	1
261124	0
261134	1
261149	0
261160	1
261175	0
261186	1
261201	0
261217	1
261227	0
261658	1
261674	0
261684	1
261700	0
261710	1
261726	0
261736	1
261751	0
261763	1
261783	0
261788	1
261805	0
261815	1
261831	0
261841	1
261857	0
261867	1
261884	0
261894	1
261910	0
261920	1
261935	0
261946	1
261961	0
261972	1
261988	0
261999	1
262014	0
262025	1
262040	0
262051	1
262066	0
262496	1
262515	0
262522	1
262538	0
262549	1
262564	0
262574	1
262591	0
262601	1
262617	0
262627	1
262643	0
262653	1
262670	0
262680	1
262696	0
262706	1
262721	0
262732	1
262747	0
262759	1
262774	0
262785	1
262800	0
262811	1
262826	0
262838	1
262853	0
262863	1
262879	0
262889	1
262905	0
263335	1
263351	0
263361	1
263377	0
263387	1
263403	0
263414	1
263430	0
263440	1
263455	0
263466	1
263481	0
263492	1
263507	0
263519	1
263534	0
263545	1
263560	0
263571	1
263586	0
263596	1
263613	0
263623	1
263639	0
263649	1
263665	0
263675	1
263692	0
263702	1
263718	0
263728	1
263743	0
264174	1
264189	0
264200	1
264215	0
264227	1
264242	0
264253	1
264268	0
264278	1
264294	0
264304	1
264321	0
264331	1
264347	0
264357	1
264373	0
264383	1
264399	0
264409	1
264425	0
264435	1
264452	0
264462	1
264478	0
264488	1
264504	0
264514	1
264529	0
264541	1
264556	0
264567	1
264582	0
265013	1
265028	0
265038	1
265054	0
265064	1
265080	0
265091	1
265107	0
265117	1
265133	0
265143	1
265159	0
265169	1
265185	0
265195	1
265212	0
265222	1
265238	0
265248	1
265264	0
265274	1
265290	0
265300	1
265316	0
265327	1
265342	0
265353	1
265368	0
265379	1
265394	0
265406	1
265421	0
265851	1
265866	0
265878	1
265893	0
265903	1
265919	0
265929	1
265945	0
265955	1
265972	0
265982	1
265998	0
266008	1
266024	0
266034	1
266051	0
266061	1
266076	0
266087	1
266102	0
266113	1
266128	0
266139	1
266154	0
266166	1
266181	0
266192	1
266207	0
266218	1
266233	0
266245	1
266260	0
266690	1
266705	0
266716	1
266731	0
266742	1
266757	0
266769	1
266784	0
266794	1
266810	0
266820	1
266836	0
266846	1
266863	0
266873	1
266889	0
266899	1
266915	0
266925	1
266942	0
266952	1
266967	0
266978	1
266993	0
267004	1
267019	0
267030	1
267046	0
267056	1
267072	0
267082	1
267098	0
267528	1
267543	0
267555	1
267596	0
267607	1
267622	0
267633	1
267648	0
267659	1
267675	0
267686	1
267709	0
267712	1
267727	0
267738	1
267753	0
267764	1
267779	0
267800	1
267805	0
267816	1
267832	0
267843	1
267858	0
267869	1
267884	0
267896	1
267911	0
267921	1
267937	0
268378	1
268383	0
268393	1
268408	0
268419	1
268435	0
268445	1
268461	0
268472	1
268487	0
268498	1
268513	0
268525	1
268540	0
268550	1
268566	0
268576	1
268592	0
268602	1
268619	0
268629	1
268645	0
268655	1
268671	0
268681	1
268698	0
268708	1
268723	0
268734	1
268749	0
268760	1
268775	0
269206	1
269221	0
269232	1
269247	0
269258	1
269273	0
269283	1
269300	0
269310	1
269326	0
269336	1
269352	0
269362	1
269379	0
269389	1
269405	0
269415	1
269431	0
269441	1
269456	0
269468	1
269483	0
269494	1
269509	0
269520	1
269535	0
269547	1
269562	0
269573	1
269588	0
269598	1
269614	0
270044	1
270059	0
270070	1
270085	0
270097	1
270112	0
270123	1
270138	0
270149	1
270164	0
270176	1
270191	0
270202	1
270217	0
270227	1
270243	0
270253	1
270270	0
270280	1
270296	0
270306	1
270322	0
270332	1
270348	0
270358	1
270375	0
270385	1
270400	0
270411	1
270428	0
270437	1
270452	0
270883	1
270898	0
270909	1
270924	0
270936	1
270951	0
270961	1
270977	0
270995	1
271003	0
271014	1
271030	0
271040	1
271056	0
271066	1
271081	0
271092	1
271108	0
271119	1
271134	0
271145	1
271160	0
271171	1
271186	0
271198	1
271213	0
271224	1
271239	0
271249	1
271265	0
271275	1
271292	0
271721	1
271737	0
271747	1
271762	0
271774	1
271789	0
271800	1
271815	0
271826	1
271841	0
271853	1
271868	0
271879	1
271894	0
271905	1
271920	0
271930	1
271947	0
271957	1
271973	0
271983	1
271999	0
272009	1
272026	0
272036	1
272052	0
272062	1
272078	0
272088	1
272103	0
272114	1
272129	0
272560	1
272576	0
272586	1
272602	0
272612	1
272627	0
272639	1
272654	0
272665	1
272680	0
272691	1
272706	0
272718	1
272733	0
272744	1
272759	0
272770	1
272785	0
272795	1
272812	0
272822	1
272838	0
272848	1
272864	0
272874	1
272890	0
272900	1
272917	0
272927	1
272943	0
272953	1
272968	0
273398	1
273414	0
273424	1
273441	0
273451	1
273467	0
273477	1
273493	0
273503	1
273520	0
273530	1
273545	0
273556	1
273571	0
273582	1
273597	0
273609	1
273624	0
273637	1
273650	0
273660	1
273677	0
273687	1
273703	0
273713	1
273729	0
273739	1
273754	0
273766	1
273781	0
273792	1
273807	0
274237	1
274253	0
274263	1
274279	0
274289	1
274306	0
274316	1
274332	0
274342	1
274358	0
274370	1
274383	0
274394	1
274410	0
274420	1
274437	0
274447	1
274463	0
274473	1
274489	0
274499	1
274515	0
274526	1
274541	0
274552	1
274567	0
274578	1
274593	0
274604	1
274619	0
274631	1
274646	0
275915	1
275930	0
275941	1
275956	0
275967	1
275982	0
275992	1
276009	0
276019	1
276035	0
276045	1
276061	0
276071	1
276088	0
276098	1
276114	0
276124	1
276140	0
276150	1
276167	0
276177	1
276192	0
276203	1
276218	0
276229	1
276244	0
276256	1
276274	0
276282	1
276297	0
276308	1
276323	0
276752	1
276769	0
276779	1
276795	0
276805	1
276821	0
276831	1
276848	0
276858	1
276874	0
276884	1
276900	0
276910	1
276927	0
276937	1
276952	0
276963	1
276978	0
276989	1
277005	0
277016	1
277031	0
277042	1
277057	0
277068	1
277083	0
277093	1
277109	0
277119	1
277136	0
277146	1
277162	0
277592	1
277607	0
277618	1
277634	0
277645	1
277660	0
277670	1
277686	0
277696	1
277713	0
277723	1
277739	0
277749	1
277764	0
277775	1
277790	0
277802	1
277817	0
277828	1
277843	0
277854	1
277869	0
277881	1
277896	0
277906	1
277922	0
277932	1
277948	0
277958	1
277975	0
277985	1
278001	0
278430	1
278446	0
278456	1
278472	0
278482	1
278499	0
278509	1
278525	0
278535	1
278551	0
278561	1
278578	0
278588	1
278603	0
278614	1
278629	0
278640	1
278655	0
278667	1
278682	0
278693	1
278708	0
278719	1
278734	0
278745	1
278760	0
278770	1
278787	0
278797	1
278813	0
278823	1
278839	0
279269	1
279284	0
279295	1
279310	0
279322	1
279337	0
279348	1
279363	0
279374	1
279389	0
279400	1
279416	0
279426	1
279442	0
279452	1
279468	0
279478	1
279495	0
279505	1
279521	0
279531	1
279547	0
279557	1
279572	0
279584	1
279599	0
279610	1
279627	0
279636	1
279651	0
279663	1
279678	0
280107	1
280124	0
280134	1
280150	0
280160	1
280176	0
280194	1
280202	0
280212	1
280228	0
280239	1
280254	0
280265	1
280281	0
280291	1
280307	0
280317	1
280333	0
280343	1
280359	0
280369	1
280386	0
280396	1
280412	0
280422	1
280437	0
280448	1
280465	0
280475	1
280490	0
280501	1
280516	0
280946	1
280962	0
280972	1
280988	0
280999	1
281015	0
281025	1
281041	0
281051	1
281066	0
281077	1
281092	0
281104	1
281119	0
281130	1
281145	0
281156	1
281171	0
281183	1
281198	0
281209	1
281224	0
281234	1
281250	0
281260	1
281277	0
281287	1
281303	0
281313	1
281329	0
281339	1
281354	0
281784	1
281801	0
281811	1
281827	0
281837	1
281853	0
281863	1
281878	0
281890	1
281905	0
281916	1
281931	0
281942	1
281957	0
281969	1
281984	0
281995	1
282010	0
282020	1
282036	0
282046	1
282063	0
282073	1
282089	0
282099	1
282115	0
282125	1
282142	0
282152	1
282168	0
282178	1
282193	0
282624	1
282639	0
282650	1
282665	0
282675	1
282692	0
282702	1
282718	0
282728	1
282744	0
282754	1
282770	0
282781	1
282797	0
282810	1
282822	0
282833	1
282849	0
282860	1
282875	0
282886	1
282901	0
282912	1
282927	0
282938	1
282954	0
282964	1
282980	0
282990	1
283006	0
283462	1
283477	0
283489	1
283504	0
283515	1
283530	0
283541	1
283556	0
283567	1
283589	0
283593	1
283609	0
283620	1
283634	0
283646	1
283661	0
283672	1
283687	0
283712	1
283713	0
283725	1
283740	0
283751	1
283766	0
283777	1
283792	0
283802	1
283819	0
283829	1
283845	0
283855	1
283871	0
285139	1
285155	0
285165	1
285182	0
285192	1
285208	0
285218	1
285233	0
285244	1
285259	0
285271	1
285286	0
285297	1
285312	0
285323	1
285338	0
285350	1
285365	0
285375	1
285391	0
285401	1
285417	0
285427	1
285444	0
285454	1
285470	0
285480	1
285499	0
285506	1
285522	0
285533	1
285548	0
285978	1
285993	0
286005	1
286020	0
286031	1
286046	0
286057	1
286072	0
286083	1
286098	0
286108	1
286125	0
286135	1
286151	0
286161	1
286177	0
286187	1
286204	0
286214	1
286230	0
286241	1
286256	0
286267	1
286282	0
286292	1
286308	0
286318	1
286334	0
286344	1
286361	0
286371	1
286387	0
286817	1
286833	0
286842	1
286859	0
286870	1
286884	0
286896	1
286911	0
286922	1
286937	0
286948	1
286963	0
286974	1
286989	0
286999	1
287016	0
287026	1
287042	0
287052	1
287068	0
287078	1
287095	0
287105	1
287121	0
287131	1
287147	0
287157	1
287172	0
287184	1
287199	0
287210	1
287225	0
287655	1
287670	0
287682	1
287697	0
287708	1
287723	0
287734	1
287749	0
287761	1
287776	0
287787	1
287802	0
287812	1
287828	0
287838	1
287855	0
287865	1
287881	0
287891	1
287907	0
287917	1
287933	0
287943	1
287960	0
287970	1
287985	0
287996	1
288011	0
288022	1
288037	0
288049	1
288064	0
288494	1
288509	0
288519	1
288536	0
288546	1
288562	0
288572	1
288588	0
288598	1
288615	0
288625	1
288641	0
288651	1
288667	0
288677	1
288694	0
288704	1
288719	0
288730	1
288745	0
288756	1
288771	0
288783	1
288798	0
288809	1
288824	0
288835	1
288850	0
288861	1
288876	0
288887	1
288902	0
289332	1
289348	0
289358	1
289375	0
289385	1
289401	0
289411	1
289429	0
289437	1
289452	0
289464	1
289479	0
289490	1
289505	0
289516	1
289531	0
289543	1
289558	0
289569	1
289584	0
289594	1
289610	0
289620	1
289637	0
289647	1
289663	0
289673	1
289689	0
289699	1
289716	0
289726	1
289742	0
290172	1
290187	0
290197	1
290213	0
290223	1
290239	0
290249	1
290266	0
290276	1
290292	0
290302	1
290318	0
290328	1
290345	0
290355	1
290371	0
290381	1
290396	0
290407	1
290422	0
290433	1
290449	0
290460	1
290475	0
290486	1
290501	0
290512	1
290527	0
290537	1
290554	0
290564	1
290580	0
291010	1
291025	0
291037	1
291052	0
291062	1
291078	0
291088	1
291104	0
291114	1
291131	0
291141	1
291157	0
291167	1
291183	0
291193	1
291209	0
291220	1
291235	0
291246	1
291261	0
291272	1
291287	0
291298	1
291313	0
291325	1
291340	0
291351	1
291366	0
291376	1
291392	0
291402	1
291419	0
291849	1
291864	0
291874	1
291890	0
291900	1
291917	0
291927	1
291943	0
291953	1
291969	0
291979	1
291996	0
292006	1
292021	0
292032	1
292047	0
292059	1
292074	0
292084	1
292100	0
292111	1
292126	0
292137	1
292153	0
292162	1
292178	0
292189	1
292204	0
292216	1
292231	0
292242	1
292257	0
292687	1
292703	0
292713	1
292729	0
292739	1
292756	0
292766	1
292782	0
292800	1
292807	0
292819	1
292834	0
292844	1
292860	0
292870	1
292886	0
292896	1
292913	0
292923	1
292939	0
292949	1
292965	0
292975	1
292992	0
293002	1
293046	0
293053	1
293070	0
293080	1
293096	0
293526	1
293541	0
293552	1
293567	0
293579	1
293594	0
293605	1
293620	0
293630	1
293646	0
293656	1
293672	0
293682	1
293699	0
293709	1
293725	0
293735	1
293751	0
293761	1
293778	0
293788	1
293803	0
293814	1
293829	0
293840	1
293855	0
293867	1
293882	0
293893	1
293908	0
293919	1
293934	0
295203	1
295218	0
295230	1
295245	0
295256	1
295271	0
295282	1
295297	0
295308	1
295323	0
295333	1
295350	0
295360	1
295376	0
295386	1
295402	0
295412	1
295429	0
295439	1
295455	0
295465	1
295481	0
295491	1
295506	0
295518	1
295533	0
295544	1
295559	0
295570	1
295585	0
295596	1
295611	0
296042	1
296057	0
296068	1
296084	0
296094	1
296110	0
296121	1
296136	0
296146	1
296162	0
296172	1
296188	0
296198	1
296215	0
296225	1
296241	0
296251	1
296267	0
296277	1
296294	0
296304	1
296319	0
296330	1
296345	0
296356	1
296371	0
296383	1
296398	0
296409	1
296424	0
296435	1
296450	0
297718	1
297735	0
297745	1
297761	0
297771	1
297787	0
297797	1
297814	0
297824	1
297840	0
297850	1
297865	0
297876	1
297891	0
297903	1
297918	0
297929	1
297944	0
297955	1
297970	0
297980	1
297997	0
298007	1
298023	0
298033	1
298049	0
298061	1
298075	0
298086	1
298101	0
298112	1
298127	0
298558	1
298573	0
298583	1
298599	0
298609	1
298652	0
298663	1
298678	0
298688	1
298704	0
298714	1
298731	0
298741	1
298757	0
298767	1
298783	0
298793	1
298810	0
298820	1
298835	0
298846	1
298861	0
298872	1
298887	0
298898	1
298913	0
298925	1
298940	0
298951	1
298966	0
300235	1
300250	0
300261	1
300276	0
300287	1
300302	0
300314	1
300329	0
300340	1
300355	0
300366	1
300381	0
300391	1
300408	0
300418	1
300434	0
300444	1
300460	0
300470	1
300487	0
300497	1
300513	0
300523	1
300539	0
300549	1
300564	0
300576	1
300591	0
300602	1
300617	0
300628	1
300643	0
301074	1
301089	0
301100	1
301115	0
301126	1
301141	0
301151	1
301168	0
301178	1
301194	0
301204	1
301220	0
301230	1
301247	0
301257	1
301273	0
301285	1
301299	0
301310	1
301325	0
301335	1
301352	0
301362	1
301377	0
301388	1
301403	0
301414	1
301429	0
301441	1
301456	0
301467	1
301482	0
302751	1
302766	0
302777	1
302792	0
302803	1
302818	0
302830	1
302845	0
302856	1
302871	0
302882	1
302897	0
302908	1
302923	0
302933	1
302950	0
302960	1
302976	0
302986	1
303002	0
303012	1
303055	0
303065	1
303080	0
303091	1
303107	0
303118	1
303133	0
303144	1
303159	0
303589	1
303605	0
303615	1
303631	0
303641	1
303658	0
303668	1
303684	0
303694	1
303710	0
303720	1
303736	0
303746	1
303763	0
303773	1
303788	0
303799	1
303814	0
303825	1
303840	0
303852	1
303867	0
303878	1
303893	0
303904	1
303919	0
303930	1
303946	0
303956	1
303972	0
303983	1
303998	0
