[µs]	Sample
0	0
287	1
303	0
314	1
329	0
339	1
355	0
366	1
382	0
392	1
407	0
419	1
434	0
444	1
460	0
470	1
486	0
497	1
512	0
550	1
565	0
576	1
591	0
602	1
617	0
627	1
644	0
654	1
670	0
680	1
696	0
706	1
723	0
732	1
749	0
759	1
775	0
785	1
800	0
811	1
826	0
838	1
853	0
864	1
879	0
890	1
905	0
918	1
931	0
943	1
958	0
969	1
984	0
995	1
1010	0
1021	1
1037	0
1047	1
1063	0
1073	1
1089	0
1099	1
1115	0
1125	1
1142	0
1152	1
1168	0
1178	1
1194	0
1204	1
1220	0
1230	1
1247	0
1257	1
1273	0
1290	1
1298	0
1310	1
1325	0
1336	1
1351	0
1362	1
1377	0
1387	1
1404	0
1414	1
1430	0
1441	1
1456	0
1466	1
1482	0
1492	1
1509	0
1519	1
1535	0
1545	1
1561	0
1571	1
1587	0
1597	1
1613	0
1623	1
1640	0
1650	1
1667	0
1676	1
1692	0
1702	1
1718	0
1728	1
1745	0
1755	1
1771	0
1781	1
1797	0
1808	1
1823	0
1833	1
1849	0
1862	1
1876	0
1886	1
1901	0
1912	1
1928	0
1938	1
1954	0
1965	1
1980	0
1991	1
2006	0
2017	1
2032	0
2043	1
2059	0
2070	1
2085	0
2096	1
2111	0
2121	1
2137	0
2147	1
2164	0
2173	1
2190	0
2200	1
2216	0
2226	1
2242	0
2252	1
2269	0
2279	1
2295	0
2305	1
2321	0
2331	1
2347	0
2357	1
2374	0
2384	1
2400	0
2410	1
2426	0
2436	1
2452	0
2462	1
2479	0
2489	1
2505	0
2515	1
2530	0
2542	1
2556	0
2567	1
2582	0
2594	1
2610	0
2619	1
2635	0
2646	1
2661	0
2672	1
2687	0
2699	1
2714	0
2725	1
2740	0
2751	1
2766	0
2776	1
2792	0
2804	1
2819	0
2830	1
2845	0
2855	1
2871	0
2881	1
2897	0
2907	1
2923	0
2934	1
2950	0
2960	1
2976	0
2986	1
3002	0
3012	1
3029	0
3039	1
3055	0
3065	1
3081	0
3091	1
3108	0
3118	1
3133	0
3144	1
3159	0
3170	1
3186	0
3196	1
3212	0
3223	1
3238	0
3248	1
3265	0
3274	1
3290	0
3300	1
3317	0
3327	1
3343	0
5031	1
5046	0
5057	1
5072	0
5084	1
5099	0
5110	1
5125	0
5135	1
5151	0
5161	1
5177	0
5189	1
5204	0
5214	1
5230	0
5243	1
5255	0
5266	1
5282	0
5293	1
5309	0
5319	1
5335	0
5345	1
5361	0
5371	1
5387	0
5397	1
5414	0
5423	1
5440	0
6708	1
6724	0
6734	1
6750	0
6760	1
6777	0
6787	1
6803	0
6813	1
6829	0
6839	1
6855	0
6865	1
6881	0
6891	1
6907	0
6919	1
6934	0
6944	1
6959	0
6970	1
6985	0
6996	1
7011	0
7023	1
7038	0
7049	1
7064	0
7075	1
7090	0
7102	1
7117	0
8385	1
8401	0
8411	1
8427	0
8437	1
8453	0
8464	1
8480	0
8495	1
8506	0
8517	1
8532	0
8543	1
8558	0
8568	1
8584	0
8594	1
8611	0
8621	1
8637	0
8647	1
8663	0
8673	1
8689	0
8699	1
8716	0
8726	1
8742	0
8752	1
8768	0
8778	1
8794	0
9224	1
9240	0
9250	1
9266	0
9276	1
9294	0
9302	1
9319	0
9329	1
9344	0
9355	1
9370	0
9381	1
9396	0
9408	1
9423	0
9434	1
9449	0
9460	1
9475	0
9486	1
9501	0
9513	1
9528	0
9538	1
9554	0
9565	1
9580	0
9591	1
9606	0
9616	1
9633	0
10063	1
10078	0
10089	1
10104	0
10115	1
10130	0
10142	1
10157	0
10169	1
10183	0
10194	1
10209	0
10220	1
10235	0
10246	1
10261	0
10272	1
10288	0
10299	1
10314	0
10325	1
10340	0
10351	1
10366	0
10376	1
10393	0
10403	1
10419	0
10429	1
10445	0
10455	1
10471	0
10901	1
10918	0
10927	1
10943	0
10953	1
10969	0
10979	1
10996	0
11006	1
11022	0
11032	1
11048	0
11058	1
11074	0
11084	1
11101	0
11111	1
11127	0
11138	1
11153	0
11163	1
11179	0
11189	1
11205	0
11215	1
11232	0
11242	1
11258	0
11268	1
11283	0
11294	1
11310	0
12578	1
12595	0
12605	1
12621	0
12631	1
12646	0
12657	1
12673	0
12683	1
12698	0
12710	1
12725	0
12736	1
12751	0
12762	1
12777	0
12788	1
12803	0
12814	1
12829	0
12841	1
12856	0
12867	1
12882	0
12893	1
12908	0
12919	1
12934	0
12946	1
12961	0
12972	1
12987	0
13418	1
13432	0
13444	1
13459	0
13470	1
13485	0
13496	1
13511	0
13521	1
13537	0
13548	1
13563	0
13575	1
13590	0
13600	1
13616	0
13626	1
13642	0
13652	1
13670	0
13678	1
13695	0
13705	1
13721	0
13731	1
13747	0
13764	1
13774	0
13785	1
13799	0
13810	1
13826	0
14256	1
14271	0
14282	1
14298	0
14308	1
14323	0
14334	1
14349	0
14361	1
14376	0
14387	1
14402	0
14413	1
14428	0
14439	1
14454	0
14466	1
14481	0
14492	1
14510	0
14518	1
14534	0
14545	1
14560	0
14570	1
14586	0
14596	1
14611	0
14623	1
14638	0
14649	1
14664	0
15933	1
15949	0
15959	1
15975	0
15985	1
16001	0
16011	1
16028	0
16038	1
16054	0
16064	1
16079	0
16090	1
16105	0
16117	1
16132	0
16143	1
16158	0
16169	1
16184	0
16195	1
16210	0
16221	1
16236	0
16248	1
16263	0
16274	1
16289	0
16300	1
16315	0
16326	1
16341	0
17610	1
17626	0
17636	1
17651	0
17663	1
17679	0
17689	1
17705	0
17717	1
17731	0
17741	1
17756	0
17767	1
17783	0
17795	1
17809	0
17820	1
17836	0
17846	1
17890	0
17898	1
17914	0
17925	1
17940	0
17950	1
17967	0
17977	1
17993	0
18003	1
18019	0
18449	1
18465	0
18475	1
18517	0
18528	1
18543	0
18554	1
18569	0
18580	1
18595	0
18606	1
18621	0
18633	1
18648	0
18658	1
18674	0
18685	1
18700	0
18710	1
18726	0
18736	1
18753	0
18763	1
18779	0
18789	1
18805	0
18815	1
18831	0
18841	1
18858	0
20125	1
20142	0
20152	1
20169	0
20178	1
20194	0
20204	1
20220	0
20230	1
20247	0
20257	1
20273	0
20283	1
20299	0
20309	1
20325	0
20335	1
20352	0
20362	1
20378	0
20388	1
20403	0
20414	1
20430	0
20441	1
20456	0
20467	1
20482	0
20493	1
20508	0
20520	1
20535	0
20964	1
20981	0
20991	1
21007	0
21017	1
21033	0
21044	1
21059	0
21069	1
21086	0
21096	1
21112	0
21122	1
21144	0
21148	1
21164	0
21174	1
21190	0
21200	1
21217	0
21227	1
21242	0
21253	1
21268	0
21279	1
21295	0
21305	1
21320	0
21332	1
21347	0
21358	1
21373	0
21804	1
21819	0
21829	1
21845	0
21855	1
21871	0
21881	1
21898	0
21908	1
21924	0
21934	1
21950	0
21960	1
21977	0
21987	1
22003	0
22013	1
22029	0
22039	1
22055	0
22065	1
22080	0
22092	1
22107	0
22118	1
22133	0
22144	1
22159	0
22170	1
22185	0
22197	1
22212	0
23481	1
23496	0
23507	1
23522	0
23534	1
23548	0
23560	1
23575	0
23586	1
23601	0
23612	1
23627	0
23637	1
23653	0
23664	1
23680	0
23690	1
23706	0
23716	1
23732	0
23742	1
23758	0
23769	1
23784	0
23795	1
23810	0
23822	1
23837	0
23847	1
23863	0
23873	1
23889	0
25158	1
25173	0
25184	1
25199	0
25211	1
25226	0
25237	1
25252	0
25262	1
25278	0
25288	1
25304	0
25316	1
25331	0
25341	1
25357	0
25367	1
25383	0
25393	1
25409	0
25421	1
25436	0
25446	1
25462	0
25472	1
25488	0
25498	1
25515	0
25525	1
25541	0
25551	1
25567	0
25997	1
26012	0
26023	1
26038	0
26048	1
26065	0
26075	1
26091	0
26101	1
26117	0
26127	1
26143	0
26153	1
26171	0
26180	1
26196	0
26206	1
26222	0
26232	1
26248	0
26258	1
26275	0
26285	1
26301	0
26311	1
26327	0
26337	1
26352	0
26363	1
26378	0
26390	1
26405	0
27673	1
27690	0
27700	1
27723	0
27726	1
27742	0
27752	1
27768	0
27778	1
27796	0
27805	1
27820	0
27831	1
27846	0
27857	1
27900	0
27910	1
27925	0
27936	1
27951	0
27962	1
27977	0
27989	1
28004	0
28015	1
28030	0
28040	1
28056	0
28066	1
28083	0
29351	1
29366	0
29378	1
29393	0
29404	1
29419	0
29430	1
29445	0
29456	1
29471	0
29481	1
29498	0
29508	1
29524	0
29534	1
29550	0
29560	1
29576	0
29586	1
29603	0
29613	1
29629	0
29647	1
29655	0
29666	1
29681	0
29692	1
29708	0
29717	1
29734	0
29744	1
29759	0
30189	1
30206	0
30216	1
30232	0
30242	1
30258	0
30268	1
30283	0
30296	1
30311	0
30321	1
30337	0
30347	1
30362	0
30373	1
30393	0
30400	1
30414	0
30425	1
30442	0
30452	1
30468	0
30478	1
30493	0
30504	1
30519	0
30531	1
30547	0
30557	1
30572	0
30583	1
30598	0
31029	1
31044	0
31055	1
31070	0
31080	1
31096	0
31107	1
31123	0
31133	1
31149	0
31159	1
31175	0
31185	1
31202	0
31212	1
31228	0
31238	1
31254	0
31264	1
31279	0
31290	1
31307	0
31317	1
31332	0
31343	1
31358	0
31369	1
31384	0
31395	1
31410	0
31422	1
31437	0
32705	1
32722	0
32732	1
32747	0
32758	1
32773	0
32784	1
32799	0
32810	1
32825	0
32837	1
32852	0
32863	1
32878	0
32889	1
32904	0
32916	1
32930	0
32942	1
32957	0
32968	1
32983	0
32994	1
33009	0
33019	1
33036	0
33047	1
33062	0
33072	1
33089	0
33099	1
33114	0
33544	1
33560	0
33570	1
33586	0
33601	1
33613	0
33622	1
33638	0
33649	1
33664	0
33676	1
33691	0
33701	1
33717	0
33727	1
33743	0
33753	1
33770	0
33780	1
33797	0
33806	1
33822	0
33832	1
33848	0
33858	1
33874	0
33884	1
33901	0
33911	1
33927	0
33937	1
33953	0
34383	1
34398	0
34409	1
34425	0
34435	1
34450	0
34461	1
34476	0
34488	1
34503	0
34514	1
34529	0
34540	1
34555	0
34567	1
34582	0
34593	1
34608	0
34619	1
34634	0
34644	1
34660	0
34672	1
34687	0
34697	1
34713	0
34723	1
34739	0
34749	1
34766	0
34776	1
34792	0
36060	1
36076	0
36086	1
36102	0
36112	1
36128	0
36138	1
36155	0
36165	1
36181	0
36191	1
36207	0
36217	1
36234	0
36243	1
36259	0
36269	1
36286	0
36297	1
36312	0
36322	1
36338	0
36348	1
36364	0
36374	1
36391	0
36401	1
36416	0
36427	1
36443	0
36453	1
36469	0
36898	1
36914	0
36925	1
36940	0
36950	1
36972	0
36977	1
36993	0
37003	1
37019	0
37029	1
37047	0
37056	1
37072	0
37082	1
37098	0
37108	1
37123	0
37135	1
37150	0
37161	1
37176	0
37187	1
37202	0
37213	1
37228	0
37240	1
37255	0
37266	1
37281	0
37292	1
37307	0
37738	1
37753	0
37764	1
37779	0
37789	1
37805	0
37816	1
37831	0
37843	1
37858	0
37894	1
37911	0
37922	1
37936	0
37947	1
37962	0
37973	1
37988	0
38000	1
38015	0
38026	1
38041	0
38052	1
38067	0
38077	1
38094	0
38104	1
38120	0
38130	1
38146	0
38576	1
38592	0
38602	1
38617	0
38628	1
38643	0
38655	1
38670	0
38681	1
38696	0
38707	1
38722	0
38733	1
38748	0
38760	1
38775	0
38786	1
38801	0
38812	1
38827	0
38838	1
38853	0
38865	1
38880	0
38890	1
38906	0
38917	1
38933	0
38942	1
38959	0
38969	1
38984	0
39414	1
39430	0
39440	1
39457	0
39467	1
39483	0
39493	1
39509	0
39519	1
39534	0
39547	1
39562	0
39572	1
39588	0
39598	1
39613	0
39624	1
39639	0
39650	1
39667	0
39677	1
39692	0
39703	1
39718	0
39729	1
39744	0
39755	1
39770	0
39782	1
39798	0
39808	1
39823	0
40253	1
40269	0
40280	1
40295	0
40306	1
40322	0
40331	1
40348	0
40358	1
40374	0
40384	1
40399	0
40410	1
40426	0
40437	1
40453	0
40463	1
40478	0
40489	1
40504	0
40515	1
40530	0
40542	1
40556	0
40568	1
40583	0
40594	1
40609	0
40620	1
40635	0
40647	1
40662	0
41092	1
41108	0
41118	1
41134	0
41144	1
41159	0
41171	1
41187	0
41197	1
41212	0
41223	1
41238	0
41249	1
41264	0
41275	1
41290	0
41302	1
41317	0
41328	1
41343	0
41354	1
41369	0
41380	1
41395	0
41407	1
41423	0
41433	1
41448	0
41459	1
41474	0
41485	1
41500	0
41931	1
41946	0
41957	1
41972	0
41983	1
41998	0
42008	1
42025	0
42035	1
42051	0
42061	1
42077	0
42087	1
42104	0
42114	1
42130	0
42140	1
42156	0
42166	1
42182	0
42192	1
42209	0
42219	1
42235	0
42245	1
42261	0
42271	1
42287	0
42298	1
42313	0
42323	1
42339	0
42769	1
42784	0
42796	1
42810	0
42822	1
42837	0
42855	1
42863	0
42874	1
42890	0
42900	1
42916	0
42926	1
42942	0
42952	1
42968	0
42979	1
42994	0
43005	1
43020	0
43031	1
43048	0
43058	1
43073	0
43084	1
43099	0
43110	1
43125	0
43135	1
43152	0
43162	1
43178	0
43608	1
43623	0
43633	1
43649	0
43659	1
43676	0
43686	1
43702	0
43712	1
43728	0
43738	1
43755	0
43765	1
43781	0
43791	1
43807	0
43817	1
43833	0
43843	1
43859	0
43869	1
43886	0
43896	1
43912	0
43923	1
43938	0
43948	1
43964	0
43974	1
43989	0
44001	1
44016	0
44447	1
44462	0
44472	1
44488	0
44498	1
44514	0
44524	1
44541	0
44551	1
44567	0
44577	1
44593	0
44603	1
44620	0
44630	1
44646	0
44656	1
44673	0
44682	1
44698	0
44708	1
44724	0
44735	1
44751	0
44761	1
44776	0
44787	1
44803	0
44813	1
44829	0
44839	1
44854	0
45284	1
45300	0
45312	1
45327	0
45338	1
45353	0
45363	1
45379	0
45389	1
45405	0
45415	1
45432	0
45442	1
45458	0
45468	1
45487	0
45494	1
45510	0
45521	1
45536	0
45548	1
45563	0
45573	1
45589	0
45600	1
45615	0
45626	1
45641	0
45651	1
45667	0
45679	1
45694	0
46124	1
46139	0
46150	1
46165	0
46176	1
46191	0
46202	1
46218	0
46233	1
46244	0
46254	1
46271	0
46281	1
46296	0
46307	1
46322	0
46333	1
46348	0
46360	1
46375	0
46386	1
46401	0
46412	1
46427	0
46438	1
46453	0
46465	1
46480	0
46491	1
46506	0
46516	1
46532	0
46962	1
46978	0
46988	1
47004	0
47014	1
47031	0
47041	1
47057	0
47067	1
47083	0
47093	1
47108	0
47119	1
47134	0
47146	1
47161	0
47173	1
47187	0
47198	1
47213	0
47224	1
47239	0
47251	1
47266	0
47277	1
47292	0
47303	1
47318	0
47329	1
47344	0
47356	1
47371	0
47801	1
47816	0
47827	1
47842	0
47854	1
47895	0
47906	1
47921	0
47931	1
47948	0
47958	1
47974	0
47984	1
48000	0
48010	1
48026	0
48036	1
48053	0
48063	1
48079	0
48089	1
48104	0
48115	1
48130	0
48142	1
48162	0
48167	1
48184	0
48194	1
48209	0
48639	1
48656	0
48666	1
48682	0
48692	1
48708	0
48718	1
48734	0
48744	1
48759	0
48771	1
48786	0
48798	1
48813	0
48823	1
48838	0
48849	1
48864	0
48876	1
48891	0
48908	1
48918	0
48928	1
48943	0
48954	1
48970	0
48980	1
48996	0
49006	1
49022	0
49032	1
49050	0
49482	1
49494	0
49504	1
49520	0
49530	1
49545	0
49557	1
49573	0
49583	1
49598	0
49609	1
49624	0
49636	1
49651	0
49662	1
49677	0
49688	1
49703	0
49714	1
49729	0
49741	1
49756	0
49767	1
49782	0
49792	1
49808	0
49819	1
49835	0
49845	1
49861	0
49871	1
49886	0
50317	1
50332	0
50343	1
50358	0
50370	1
50385	0
50396	1
50411	0
50421	1
50437	0
50448	1
50463	0
50474	1
50489	0
50499	1
50516	0
50526	1
50542	0
50553	1
50568	0
50578	1
50594	0
50604	1
50621	0
50631	1
50647	0
50657	1
50674	0
50683	1
50699	0
50709	1
50726	0
51155	1
51172	0
51181	1
51197	0
51208	1
51223	0
51233	1
51250	0
51260	1
51275	0
51286	1
51303	0
51312	1
51329	0
51354	1
51356	0
51365	1
51380	0
51391	1
51407	0
51417	1
51433	0
51443	1
51460	0
51470	1
51486	0
51496	1
51512	0
51522	1
51537	0
51550	1
51563	0
51994	1
52009	0
52021	1
52036	0
52047	1
52062	0
52072	1
52088	0
52098	1
52115	0
52125	1
52141	0
52158	1
52167	0
52178	1
52193	0
52204	1
52219	0
52230	1
52246	0
52257	1
52271	0
52283	1
52299	0
52309	1
52324	0
52335	1
52350	0
52360	1
52377	0
52387	1
52403	0
52832	1
52848	0
52858	1
52875	0
52885	1
52901	0
52911	1
52927	0
52938	1
52953	0
52963	1
52980	0
52990	1
53006	0
53016	1
53031	0
53042	1
53057	0
53069	1
53084	0
53095	1
53110	0
53121	1
53136	0
53148	1
53163	0
53175	1
53189	0
53199	1
53215	0
53225	1
53241	0
54510	1
54526	0
54536	1
54552	0
54562	1
54578	0
54588	1
54605	0
54615	1
54631	0
54641	1
54656	0
54667	1
54683	0
54693	1
54708	0
54720	1
54735	0
54746	1
54761	0
54772	1
54787	0
54799	1
54813	0
54824	1
54840	0
54851	1
54866	0
54877	1
54893	0
54903	1
54919	0
55348	1
55364	0
55374	1
55391	0
55401	1
55417	0
55427	1
55443	0
55453	1
55469	0
55479	1
55495	0
55505	1
55522	0
55532	1
55549	0
55559	1
55574	0
55584	1
55600	0
55610	1
55626	0
55636	1
55653	0
55663	1
55679	0
55689	1
55705	0
55715	1
55731	0
55741	1
55758	0
56188	1
56202	0
56213	1
56230	0
56239	1
56255	0
56266	1
56281	0
56292	1
56307	0
56318	1
56334	0
56345	1
56360	0
56371	1
56386	0
56396	1
56412	0
56422	1
56438	0
56449	1
56465	0
56475	1
56491	0
56501	1
56517	0
56527	1
56544	0
56553	1
56570	0
56580	1
56596	0
57026	1
57041	0
57052	1
57067	0
57079	1
57094	0
57105	1
57120	0
57130	1
57146	0
57156	1
57172	0
57184	1
57199	0
57209	1
57225	0
57235	1
57251	0
57261	1
57277	0
57287	1
57304	0
57314	1
57330	0
57340	1
57356	0
57366	1
57382	0
57392	1
57409	0
57419	1
57435	0
57894	1
57906	0
57917	1
57932	0
57942	1
57959	0
57969	1
57985	0
57995	1
58012	0
58022	1
58037	0
58049	1
58063	0
58074	1
58089	0
58100	1
58115	0
58127	1
58142	0
58153	1
58168	0
58179	1
58194	0
58205	1
58220	0
58241	1
58247	0
58258	1
58273	0
58703	1
58718	0
58730	1
58745	0
58755	1
58771	0
58782	1
58797	0
58808	1
58828	0
58833	1
58850	0
58860	1
58875	0
58886	1
58902	0
58913	1
58928	0
58939	1
58955	0
58965	1
58980	0
58991	1
59007	0
59017	1
59033	0
59044	1
59059	0
59070	1
59086	0
59096	1
59111	0
60380	1
60395	0
60407	1
60422	0
60433	1
60448	0
60459	1
60474	0
60485	1
60500	0
60512	1
60527	0
60538	1
60553	0
60564	1
60579	0
60590	1
60605	0
60617	1
60632	0
60642	1
60658	0
60668	1
60684	0
60694	1
60710	0
60720	1
60737	0
60747	1
60763	0
60773	1
60789	0
61219	1
61234	0
61246	1
61261	0
61271	1
61287	0
61297	1
61313	0
61323	1
61339	0
61349	1
61366	0
61376	1
61392	0
61402	1
61418	0
61428	1
61444	0
61454	1
61471	0
61484	1
61497	0
61507	1
61522	0
61533	1
61551	0
61560	1
61575	0
61586	1
61602	0
61612	1
61628	0
62057	1
62073	0
62083	1
62099	0
62109	1
62126	0
62136	1
62152	0
62162	1
62178	0
62188	1
62205	0
62215	1
62230	0
62241	1
62257	0
62267	1
62283	0
62293	1
62309	0
62319	1
62336	0
62346	1
62361	0
62372	1
62388	0
62398	1
62413	0
62426	1
62441	0
62451	1
62466	0
63735	1
63751	0
63761	1
63776	0
63787	1
63803	0
63813	1
63828	0
63840	1
63855	0
63866	1
63881	0
63892	1
63907	0
63919	1
63933	0
63945	1
63960	0
63971	1
63986	0
63997	1
64012	0
64024	1
64039	0
64051	1
64065	0
64075	1
64091	0
64101	1
64120	0
64128	1
64144	0
64573	1
64588	0
64600	1
64615	0
64626	1
64641	0
64652	1
64667	0
64678	1
64693	0
64705	1
64720	0
64731	1
64746	0
64757	1
64772	0
64784	1
64799	0
64810	1
64825	0
64835	1
64851	0
64866	1
64877	0
64887	1
64904	0
64914	1
64930	0
64940	1
64956	0
64966	1
64982	0
66251	1
66266	0
66277	1
66292	0
66303	1
66318	0
66329	1
66344	0
66356	1
66371	0
66382	1
66397	0
66408	1
66423	0
66434	1
66449	0
66461	1
66476	0
66487	1
66502	0
66513	1
66528	0
66538	1
66554	0
66566	1
66581	0
66592	1
66607	0
66617	1
66633	0
66643	1
66660	0
67089	1
67104	0
67116	1
67131	0
67142	1
67157	0
67168	1
67183	0
67194	1
67209	0
67220	1
67236	0
67247	1
67262	0
67273	1
67288	0
67298	1
67314	0
67326	1
67341	0
67352	1
67367	0
67378	1
67393	0
67403	1
67419	0
67430	1
67445	0
67457	1
67472	0
67482	1
67498	0
68767	1
68782	0
68793	1
68808	0
68819	1
68834	0
68853	1
68861	0
68872	1
68887	0
68898	1
68913	0
68924	1
68939	0
68950	1
68966	0
68976	1
68992	0
69002	1
69018	0
69028	1
69044	0
69054	1
69071	0
69081	1
69097	0
69107	1
69123	0
69133	1
69149	0
69160	1
69177	0
69605	1
69621	0
69631	1
69647	0
69657	1
69674	0
69684	1
69700	0
69710	1
69726	0
69736	1
69751	0
69762	1
69777	0
69789	1
69805	0
69815	1
69830	0
69841	1
69856	0
69867	1
69882	0
69894	1
69909	0
69920	1
69935	0
69946	1
69961	0
69972	1
69987	0
69999	1
70014	0
70443	1
70459	0
70470	1
70486	0
70496	1
70512	0
70522	1
70538	0
70548	1
70564	0
70574	1
70591	0
70601	1
70617	0
70627	1
70643	0
70653	1
70670	0
70679	1
70696	0
70706	1
70722	0
70733	1
70748	0
70758	1
70773	0
70784	1
70802	0
70810	1
70827	0
70837	1
70853	0
71282	1
71298	0
71308	1
71324	0
71334	1
71351	0
71361	1
71377	0
71387	1
71403	0
71413	1
71429	0
71439	1
71456	0
71466	1
71482	0
71493	1
71508	0
71518	1
71534	0
71544	1
71560	0
71570	1
71587	0
71597	1
71613	0
71623	1
71639	0
71649	1
71665	0
71677	1
71692	0
72120	1
72137	0
72147	1
72163	0
72173	1
72189	0
72199	1
72216	0
72226	1
72242	0
72252	1
72268	0
72278	1
72294	0
72304	1
72321	0
72331	1
72347	0
72357	1
72373	0
72383	1
72398	0
72409	1
72424	0
72436	1
72451	0
72462	1
72477	0
72488	1
72503	0
72515	1
72530	0
72959	1
72976	0
72986	1
73002	0
73012	1
73028	0
73038	1
73055	0
73065	1
73080	0
73091	1
73106	0
73117	1
73132	0
73143	1
73158	0
73170	1
73185	0
73196	1
73211	0
73222	1
73237	0
73248	1
73263	0
73274	1
73290	0
73301	1
73316	0
73327	1
73342	0
73358	1
73368	0
73799	1
73814	0
73824	1
73840	0
73851	1
73866	0
73877	1
73892	0
73904	1
73919	0
73930	1
73945	0
73955	1
73971	0
73981	1
73998	0
74008	1
74024	0
74034	1
74051	0
74060	1
74076	0
74086	1
74104	0
74113	1
74129	0
74139	1
74154	0
74165	1
74180	0
74191	1
74206	0
74636	1
74653	0
74663	1
74685	0
74689	1
74706	0
74715	1
74731	0
74742	1
74757	0
74768	1
74784	0
74794	1
74810	0
74820	1
74836	0
74846	1
74862	0
74872	1
74889	0
74899	1
74915	0
74925	1
74941	0
74951	1
74967	0
74977	1
74994	0
75004	1
75020	0
75030	1
75046	0
75475	1
75492	0
75502	1
75517	0
75528	1
75543	0
75554	1
75569	0
75581	1
75596	0
75607	1
75622	0
75633	1
75648	0
75659	1
75674	0
75686	1
75701	0
75712	1
75727	0
75738	1
75753	0
75764	1
75779	0
75789	1
75805	0
75817	1
75832	0
75843	1
75858	0
75868	1
75884	0
76314	1
76330	0
76340	1
76356	0
76366	1
76383	0
76393	1
76408	0
76419	1
76435	0
76445	1
76461	0
76471	1
76486	0
76498	1
76513	0
76524	1
76539	0
76551	1
76565	0
76576	1
76591	0
76603	1
76618	0
76629	1
76644	0
76655	1
76670	0
76681	1
76696	0
76708	1
76723	0
77991	1
78007	0
78017	1
78034	0
78044	1
78060	0
78070	1
78089	0
78096	1
78112	0
78123	1
78138	0
78148	1
78164	0
78174	1
78191	0
78201	1
78217	0
78227	1
78243	0
78253	1
78269	0
78279	1
78296	0
78305	1
78322	0
78332	1
78348	0
78358	1
78374	0
78384	1
78401	0
79668	1
79684	0
79695	1
79710	0
79720	1
79737	0
79747	1
79763	0
79773	1
79789	0
79799	1
79815	0
79825	1
79842	0
79852	1
79868	0
79878	1
79894	0
79904	1
79921	0
79930	1
79947	0
79957	1
79981	0
79984	1
79999	0
80010	1
80026	0
80035	1
80053	0
80062	1
80077	0
80507	1
80524	0
80534	1
80549	0
80560	1
80576	0
80586	1
80601	0
80612	1
80627	0
80639	1
80654	0
80665	1
80681	0
80691	1
80706	0
80717	1
80733	0
80744	1
80759	0
80769	1
80785	0
80795	1
80811	0
80821	1
80838	0
80848	1
80864	0
80874	1
80890	0
80900	1
80917	0
81346	1
81362	0
81372	1
81387	0
81399	1
81414	0
81425	1
81440	0
81451	1
81466	0
81477	1
81492	0
81504	1
81519	0
81530	1
81545	0
81556	1
81571	0
81582	1
81597	0
81609	1
81624	0
81635	1
81650	0
81660	1
81677	0
81687	1
81702	0
81713	1
81728	0
81738	1
81755	0
82185	1
82200	0
82211	1
82226	0
82237	1
82252	0
82264	1
82279	0
82290	1
82305	0
82316	1
82331	0
82342	1
82357	0
82369	1
82384	0
82394	1
82410	0
82420	1
82436	0
82447	1
82462	0
82472	1
82489	0
82499	1
82515	0
82525	1
82541	0
82552	1
82567	0
82577	1
82594	0
83024	1
83039	0
83049	1
83065	0
83075	1
83091	0
83101	1
83118	0
83128	1
83144	0
83154	1
83170	0
83180	1
83196	0
83206	1
83223	0
83233	1
83249	0
83259	1
83275	0
83285	1
83302	0
83311	1
83327	0
83337	1
83354	0
83365	1
83379	0
83390	1
83406	0
83416	1
83432	0
83862	1
83877	0
83888	1
83904	0
83915	1
83956	0
83967	1
83982	0
83993	1
84009	0
84019	1
84034	0
84046	1
84061	0
84072	1
84087	0
84097	1
84113	0
84123	1
84140	0
84150	1
84166	0
84176	1
84192	0
84202	1
84218	0
84228	1
84245	0
84255	1
84271	0
84701	1
84716	0
84727	1
84742	0
84752	1
84769	0
84779	1
84795	0
84805	1
84821	0
84831	1
84847	0
84857	1
84874	0
84884	1
84900	0
84910	1
84926	0
84936	1
84952	0
84962	1
84977	0
84989	1
85005	0
85015	1
85031	0
85041	1
85057	0
85067	1
85082	0
85094	1
85109	0
85539	1
85554	0
85565	1
85580	0
85592	1
85607	0
85618	1
85633	0
85644	1
85659	0
85671	1
85685	0
85697	1
85712	0
85723	1
85738	0
85749	1
85764	0
85776	1
85791	0
85801	1
85817	0
85828	1
85843	0
85854	1
85869	0
85879	1
85895	0
85905	1
85922	0
85933	1
85948	0
86378	1
86393	0
86404	1
86419	0
86430	1
86446	0
86456	1
86471	0
86483	1
86498	0
86509	1
86524	0
86535	1
86550	0
86561	1
86577	0
86588	1
86603	0
86613	1
86630	0
86640	1
86655	0
86666	1
86682	0
86692	1
86708	0
86718	1
86735	0
86745	1
86760	0
86771	1
86786	0
88054	1
88071	0
88081	1
88097	0
88107	1
88123	0
88133	1
88150	0
88160	1
88176	0
88186	1
88202	0
88212	1
88228	0
88238	1
88254	0
88264	1
88281	0
88291	1
88307	0
88317	1
88333	0
88343	1
88359	0
88369	1
88386	0
88396	1
88411	0
88422	1
88438	0
88448	1
88464	0
88894	1
88909	0
88919	1
88935	0
88947	1
88962	0
88973	1
88988	0
88998	1
89014	0
89024	1
89040	0
89050	1
89067	0
89077	1
89093	0
89103	1
89119	0
89129	1
89146	0
89156	1
89172	0
89182	1
89198	0
89208	1
89232	0
89235	1
89250	0
89261	1
89277	0
89286	1
89304	0
89732	1
89748	0
89758	1
89775	0
89785	1
89801	0
89811	1
89826	0
89837	1
89852	0
89864	1
89879	0
89890	1
89905	0
89916	1
89931	0
89941	1
89958	0
89968	1
89984	0
89994	1
90009	0
90021	1
90036	0
90047	1
90062	0
90073	1
90088	0
90100	1
90115	0
90126	1
90141	0
90571	1
90587	0
90598	1
90613	0
90623	1
90638	0
90649	1
90665	0
90675	1
90692	0
90702	1
90718	0
90728	1
90744	0
90754	1
90771	0
90781	1
90796	0
90807	1
90823	0
90833	1
90848	0
90859	1
90874	0
90886	1
90901	0
90912	1
90927	0
90938	1
90953	0
90964	1
90979	0
91410	1
91425	0
91436	1
91451	0
91462	1
91477	0
91489	1
91504	0
91514	1
91530	0
91540	1
91556	0
91567	1
91582	0
91592	1
91609	0
91619	1
91635	0
91645	1
91661	0
91671	1
91687	0
91697	1
91713	0
91724	1
91740	0
91750	1
91766	0
91776	1
91792	0
91803	1
91818	0
92248	1
92264	0
92274	1
92289	0
92301	1
92316	0
92327	1
92342	0
92353	1
92368	0
92379	1
92394	0
92406	1
92421	0
92432	1
92447	0
92458	1
92473	0
92485	1
92500	0
92510	1
92526	0
92536	1
92552	0
92562	1
92578	0
92588	1
92609	0
92616	1
92630	0
92642	1
92657	0
93087	1
93102	0
93113	1
93128	0
93140	1
93155	0
93166	1
93191	0
93192	1
93207	0
93217	1
93234	0
93244	1
93260	0
93270	1
93286	0
93296	1
93312	0
93322	1
93339	0
93349	1
93365	0
93375	1
93390	0
93401	1
93416	0
93429	1
93442	0
93454	1
93469	0
93480	1
93495	0
93927	1
93941	0
93952	1
93967	0
93977	1
93993	0
94004	1
94020	0
94030	1
94046	0
94056	1
94072	0
94082	1
94099	0
94109	1
94125	0
94135	1
94151	0
94161	1
94177	0
94187	1
94204	0
94214	1
94230	0
94240	1
94255	0
94266	1
94281	0
94292	1
94307	0
94319	1
94334	0
94764	1
94779	0
94791	1
94805	0
94817	1
94832	0
94843	1
94858	0
94869	1
94884	0
94896	1
94911	0
94921	1
94937	0
94948	1
94963	0
94974	1
94989	0
94999	1
95016	0
95026	1
95042	0
95052	1
95068	0
95078	1
95094	0
95104	1
95121	0
95131	1
95147	0
95157	1
95173	0
95602	1
95619	0
95629	1
95645	0
95655	1
95671	0
95681	1
95697	0
95707	1
95723	0
95733	1
95750	0
95760	1
95776	0
95786	1
95802	0
95820	1
95828	0
95839	1
95855	0
95864	1
95881	0
95891	1
95906	0
95917	1
95932	0
95943	1
95958	0
95970	1
95985	0
95996	1
96011	0
96441	1
96457	0
96467	1
96484	0
96494	1
96510	0
96520	1
96536	0
96546	1
96562	0
96573	1
96588	0
96598	1
96614	0
96624	1
96641	0
96651	1
96667	0
96677	1
96693	0
96703	1
96719	0
96729	1
96746	0
96756	1
96772	0
96782	1
96797	0
96808	1
96824	0
96834	1
96851	0
97280	1
97296	0
97305	1
97322	0
97332	1
97348	0
97358	1
97374	0
97384	1
97401	0
97411	1
97427	0
97437	1
97453	0
97463	1
97479	0
97489	1
97506	0
97516	1
97532	0
97542	1
97558	0
97568	1
97584	0
97594	1
97611	0
97621	1
97636	0
97647	1
97662	0
97673	1
97689	0
98119	1
98134	0
98145	1
98160	0
98171	1
98186	0
98198	1
98213	0
98223	1
98239	0
98249	1
98265	0
98275	1
98292	0
98302	1
98318	0
98328	1
98344	0
98354	1
98370	0
98380	1
98397	0
98407	1
98423	0
98433	1
98449	0
98459	1
98483	0
98486	1
98501	0
98511	1
98528	0
98957	1
98973	0
98983	1
98999	0
99009	1
99026	0
99036	1
99052	0
99062	1
99077	0
99088	1
99103	0
99115	1
99130	0
99141	1
99156	0
99167	1
99182	0
99193	1
99208	0
99220	1
99236	0
99245	1
99262	0
99272	1
99287	0
99298	1
99314	0
99324	1
99339	0
99350	1
99365	0
99804	1
99811	0
99822	1
99838	0
99848	1
99864	0
99875	1
99890	0
99901	1
99917	0
99927	1
99943	0
99953	1
99969	0
99979	1
99995	0
100005	1
100022	0
100032	1
100047	0
100058	1
100073	0
100084	1
100099	0
100111	1
100126	0
100137	1
100152	0
100163	1
100178	0
100189	1
100204	0
100634	1
100651	0
100661	1
100676	0
100687	1
100703	0
100713	1
100728	0
100739	1
100754	0
100766	1
100781	0
100792	1
100807	0
100818	1
100833	0
100844	1
100859	0
100871	1
100886	0
100897	1
100912	0
100923	1
100938	0
100949	1
100964	0
100976	1
100991	0
101002	1
101017	0
101028	1
101043	0
101473	1
101489	0
101499	1
101514	0
101525	1
101541	0
101552	1
101568	0
101578	1
101593	0
101604	1
101619	0
101630	1
101645	0
101657	1
101672	0
101683	1
101698	0
101709	1
101724	0
101735	1
101750	0
101762	1
101777	0
101788	1
101803	0
101814	1
101829	0
101840	1
101855	0
101868	1
101881	0
102312	1
102327	0
102338	1
102353	0
102365	1
102380	0
102391	1
102406	0
102416	1
102448	0
102449	1
102459	0
102470	1
102485	0
102495	1
102510	0
102521	1
102537	0
102547	1
102564	0
102574	1
102590	0
102600	1
102616	0
102626	1
102641	0
102652	1
102667	0
102680	1
102694	0
102705	1
102720	0
103150	1
103166	0
103176	1
103192	0
103203	1
103219	0
103229	1
103245	0
103255	1
103270	0
103281	1
103296	0
103308	1
103323	0
103334	1
103349	0
103360	1
103375	0
103386	1
103402	0
103413	1
103428	0
103439	1
103454	0
103465	1
103480	0
103491	1
103506	0
103518	1
103533	0
103543	1
103559	0
103988	1
104005	0
104015	1
104031	0
104041	1
104057	0
104067	1
104084	0
104094	1
104110	0
104120	1
104135	0
104146	1
104161	0
104173	1
104187	0
104199	1
104214	0
104225	1
104240	0
104251	1
104266	0
104278	1
104293	0
104305	1
104319	0
104330	1
104345	0
104356	1
104371	0
104383	1
104398	0
104827	1
104844	0
104854	1
104870	0
104880	1
104896	0
104906	1
104922	0
104932	1
104949	0
104959	1
104974	0
104985	1
105000	0
105011	1
105026	0
105037	1
105053	0
105064	1
105084	0
105090	1
105106	0
105115	1
105132	0
105142	1
105158	0
105168	1
105184	0
105194	1
105210	0
105221	1
105237	0
105667	1
105682	0
105693	1
105708	0
105719	1
105734	0
105745	1
105760	0
105770	1
105787	0
105797	1
105813	0
105827	1
105840	0
105850	1
105865	0
105876	1
105891	0
105902	1
105917	0
105929	1
105944	0
105955	1
105970	0
105980	1
105996	0
106006	1
106023	0
106033	1
106049	0
106059	1
106075	0
106505	1
106521	0
106531	1
106547	0
106557	1
106573	0
106583	1
106599	0
106609	1
106626	0
106636	1
106652	0
106662	1
106678	0
106688	1
106704	0
106714	1
106731	0
106741	1
106757	0
106767	1
106782	0
106793	1
106809	0
106819	1
106836	0
106846	1
106861	0
106872	1
106887	0
106898	1
106913	0
107343	1
107359	0
107369	1
107385	0
107396	1
107412	0
107422	1
107438	0
107448	1
107464	0
107474	1
107490	0
107500	1
107517	0
107527	1
107543	0
107553	1
107569	0
107579	1
107595	0
107605	1
107620	0
107632	1
107647	0
107658	1
107673	0
107684	1
107700	0
107718	1
107726	0
107737	1
107752	0
108182	1
108198	0
108208	1
108224	0
108234	1
108250	0
108261	1
108276	0
108287	1
108302	0
108313	1
108328	0
108339	1
108354	0
108366	1
108381	0
108392	1
108407	0
108418	1
108433	0
108445	1
108460	0
108471	1
108493	0
108497	1
108512	0
108523	1
108538	0
108549	1
108564	0
108575	1
108590	0
109021	1
109037	0
109047	1
109067	0
109073	1
109088	0
109099	1
109115	0
109126	1
109142	0
109152	1
109167	0
109178	1
109194	0
109204	1
109219	0
109230	1
109245	0
109257	1
109272	0
109283	1
109298	0
109309	1
109324	0
109336	1
109351	0
109362	1
109377	0
109388	1
109403	0
109413	1
109429	0
109859	1
109875	0
109885	1
109901	0
109911	1
109928	0
109937	1
109954	0
109964	1
109980	0
109990	1
110006	0
110016	1
110033	0
110043	1
110059	0
110069	1
110085	0
110095	1
110110	0
110122	1
110137	0
110148	1
110163	0
110174	1
110189	0
110200	1
110215	0
110227	1
110242	0
110253	1
110268	0
110698	1
110713	0
110724	1
110739	0
110751	1
110766	0
110777	1
110792	0
110803	1
110818	0
110829	1
110844	0
110856	1
110871	0
110882	1
110897	0
110907	1
110923	0
110934	1
110949	0
110961	1
110976	0
110986	1
111002	0
111012	1
111028	0
111038	1
111055	0
111064	1
111081	0
111091	1
111107	0
111536	1
111552	0
111563	1
111578	0
111590	1
111605	0
111615	1
111631	0
111641	1
111657	0
111667	1
111710	0
111720	1
111736	0
111747	1
111761	0
111772	1
111788	0
111798	1
111815	0
111825	1
111841	0
111851	1
111867	0
111877	1
111892	0
111904	1
111919	0
111931	1
111945	0
112375	1
112391	0
112401	1
112418	0
112428	1
112444	0
112453	1
112470	0
112480	1
112495	0
112506	1
112521	0
112533	1
112548	0
112559	1
112574	0
112585	1
112600	0
112611	1
112626	0
112638	1
112653	0
112664	1
112679	0
112690	1
112705	0
112716	1
112731	0
112743	1
112758	0
112769	1
112784	0
113214	1
113229	0
113240	1
113255	0
113267	1
113282	0
113293	1
113308	0
113319	1
113334	0
113345	1
113360	0
113371	1
113386	0
113398	1
113413	0
113424	1
113439	0
113450	1
113465	0
113476	1
113491	0
113503	1
113518	0
113528	1
113544	0
113554	1
113570	0
113581	1
113596	0
113606	1
113623	0
114053	1
114068	0
114079	1
114094	0
114105	1
114120	0
114132	1
114147	0
114158	1
114173	0
114184	1
114199	0
114210	1
114225	0
114236	1
114252	0
114262	1
114278	0
114288	1
114304	0
114315	1
114330	0
114344	1
114357	0
114367	1
114383	0
114394	1
114409	0
114420	1
114436	0
114445	1
114461	0
114891	1
114907	0
114917	1
114933	0
114943	1
114960	0
114970	1
114985	0
114996	1
115011	0
115022	1
115037	0
115049	1
115064	0
115075	1
115091	0
115100	1
115116	0
115127	1
115142	0
115153	1
115168	0
115180	1
115195	0
115206	1
115221	0
115232	1
115247	0
115259	1
115274	0
115284	1
115300	0
115730	1
115745	0
115756	1
115771	0
115783	1
115798	0
115809	1
115824	0
115835	1
115850	0
115860	1
115876	0
115886	1
115903	0
115913	1
115929	0
115939	1
115955	0
115965	1
115981	0
115991	1
116008	0
116018	1
116034	0
116044	1
116060	0
116070	1
116087	0
116097	1
116112	0
116123	1
116138	0
116569	1
116584	0
116595	1
116610	0
116621	1
116636	0
116646	1
116663	0
116673	1
116689	0
116699	1
116715	0
116725	1
116741	0
116751	1
116768	0
116778	1
116794	0
116804	1
116820	0
116830	1
116846	0
116856	1
116873	0
116883	1
116899	0
116909	1
116924	0
116935	1
116951	0
116961	1
116981	0
117408	1
117423	0
117434	1
117449	0
117460	1
117475	0
117485	1
117501	0
117511	1
117528	0
117538	1
117554	0
117564	1
117580	0
117590	1
117606	0
117616	1
117633	0
117643	1
117659	0
117669	1
117685	0
117695	1
117710	0
117727	1
117737	0
117747	1
117763	0
117773	1
117790	0
117800	1
117816	0
118246	1
118261	0
118272	1
118287	0
118298	1
118314	0
118333	1
118340	0
118350	1
118367	0
118376	1
118393	0
118403	1
118418	0
118429	1
118445	0
118455	1
118471	0
118481	1
118498	0
118508	1
118523	0
118534	1
118549	0
118560	1
118575	0
118586	1
118602	0
118613	1
118628	0
118639	1
118654	0
119923	1
119939	0
119949	1
119965	0
119975	1
119991	0
120002	1
120017	0
120028	1
120043	0
120054	1
120069	0
120080	1
120095	0
120107	1
120122	0
120133	1
120148	0
120159	1
120174	0
120185	1
120200	0
120212	1
120227	0
120237	1
120253	0
120263	1
120279	0
120289	1
120306	0
120316	1
120332	0
120762	1
120777	0
120787	1
120803	0
120814	1
120829	0
120841	1
120856	0
120866	1
120882	0
120892	1
120908	0
120918	1
120934	0
120944	1
120986	0
120998	1
121013	0
121024	1
121039	0
121050	1
121065	0
121076	1
121091	0
121103	1
121118	0
121129	1
121144	0
121154	1
121170	0
121600	1
121616	0
121626	1
121641	0
121653	1
121669	0
121679	1
121694	0
121705	1
121721	0
121737	1
121747	0
121758	1
121773	0
121784	1
121799	0
121810	1
121825	0
121836	1
121851	0
121863	1
121878	0
121888	1
121905	0
121915	1
121930	0
121940	1
121956	0
121968	1
121983	0
121993	1
122009	0
122438	1
122455	0
122465	1
122481	0
122491	1
122507	0
122517	1
122533	0
122543	1
122560	0
122570	1
122586	0
122596	1
122612	0
122622	1
122637	0
122649	1
122664	0
122675	1
122690	0
122701	1
122716	0
122727	1
122742	0
122754	1
122769	0
122780	1
122795	0
122806	1
122821	0
122832	1
122847	0
123277	1
123293	0
123303	1
123319	0
123329	1
123346	0
123356	1
123372	0
123382	1
123398	0
123408	1
123425	0
123434	1
123451	0
123461	1
123477	0
123487	1
123503	0
123513	1
123528	0
123540	1
123555	0
123566	1
123581	0
123592	1
123607	0
123618	1
123636	0
123644	1
123660	0
123671	1
123686	0
124116	1
124132	0
124142	1
124158	0
124168	1
124185	0
124195	1
124211	0
124221	1
124236	0
124247	1
124262	0
124273	1
124288	0
124300	1
124315	0
124326	1
124341	0
124352	1
124367	0
124378	1
124394	0
124404	1
124420	0
124430	1
124446	0
124456	1
124473	0
124483	1
124499	0
124509	1
124525	0
124955	1
124970	0
124981	1
124996	0
125008	1
125023	0
125033	1
125049	0
125059	1
125075	0
125085	1
125102	0
125112	1
125128	0
125138	1
125154	0
125164	1
125179	0
125191	1
125206	0
125217	1
125232	0
125243	1
125258	0
125269	1
125284	0
125296	1
125311	0
125322	1
125337	0
125348	1
125363	0
125793	1
125809	0
125819	1
125836	0
125846	1
125862	0
125872	1
125888	0
125898	1
125913	0
125924	1
125940	0
125951	1
125967	0
125977	1
125992	0
126003	1
126018	0
126029	1
126044	0
126056	1
126071	0
126082	1
126097	0
126108	1
126123	0
126134	1
126149	0
126161	1
126176	0
126187	1
126202	0
126632	1
126647	0
126658	1
126673	0
126684	1
126699	0
126711	1
126726	0
126737	1
126752	0
126763	1
126778	0
126790	1
126805	0
126816	1
126831	0
126842	1
126857	0
126868	1
126883	0
126895	1
126910	0
126920	1
126936	0
126947	1
126962	0
126973	1
126988	0
127003	1
127014	0
127025	1
127040	0
127471	1
127486	0
127497	1
127512	0
127523	1
127538	0
127549	1
127564	0
127575	1
127591	0
127602	1
127617	0
127628	1
127643	0
127654	1
127670	0
127681	1
127696	0
127706	1
127722	0
127732	1
127748	0
127758	1
127775	0
127785	1
127801	0
127811	1
127827	0
127837	1
127853	0
128310	1
128325	0
128336	1
128351	0
128362	1
128378	0
128388	1
128403	0
128414	1
128429	0
128440	1
128455	0
128467	1
128482	0
128493	1
128508	0
128519	1
128534	0
128546	1
128561	0
128572	1
128587	0
128597	1
128613	0
128623	1
128639	0
128649	1
128666	0
128676	1
128692	0
128702	1
128718	0
129148	1
129163	0
129174	1
129189	0
129201	1
129216	0
129227	1
129242	0
129253	1
129268	0
129279	1
129294	0
129304	1
129321	0
129332	1
129347	0
129357	1
129373	0
129383	1
129399	0
129409	1
129426	0
129436	1
129452	0
129462	1
129478	0
129488	1
129504	0
129514	1
129531	0
129541	1
129557	0
129986	1
130002	0
130012	1
130029	0
130039	1
130055	0
130065	1
130081	0
130091	1
130107	0
130117	1
130132	0
130144	1
130159	0
130170	1
130185	0
130196	1
130211	0
130222	1
130247	0
130248	1
130265	0
130274	1
130291	0
130301	1
130316	0
130327	1
130343	0
130354	1
130369	0
130379	1
130396	0
130824	1
130841	0
130851	1
130867	0
130877	1
130893	0
130903	1
130920	0
130930	1
130946	0
130956	1
130972	0
130982	1
130998	0
131009	1
131024	0
131035	1
131050	0
131061	1
131076	0
131086	1
131103	0
131113	1
131129	0
131139	1
131155	0
131165	1
131182	0
131191	1
131208	0
131218	1
131234	0
131663	1
131680	0
131689	1
131706	0
131716	1
131732	0
131742	1
131758	0
131768	1
131785	0
131795	1
131811	0
131821	1
131837	0
131847	1
131863	0
131873	1
131888	0
131900	1
131915	0
131926	1
131941	0
131952	1
131967	0
131978	1
131993	0
132005	1
132020	0
132031	1
132046	0
132057	1
132072	0
132502	1
132518	0
132528	1
132545	0
132555	1
132571	0
132581	1
132596	0
132607	1
132622	0
132634	1
132649	0
132660	1
132675	0
132686	1
132701	0
132712	1
132727	0
132739	1
132754	0
132765	1
132780	0
132791	1
132806	0
132817	1
132832	0
132843	1
132858	0
132870	1
132884	0
132895	1
132911	0
133341	1
133356	0
133367	1
133382	0
133394	1
133409	0
133420	1
133435	0
133446	1
133461	0
133472	1
133487	0
133499	1
133514	0
133525	1
133540	0
133550	1
133566	0
133577	1
133592	0
133604	1
133619	0
133629	1
133645	0
133655	1
133670	0
133682	1
133698	0
133708	1
133723	0
133734	1
133749	0
134179	1
134222	0
134233	1
134247	0
134258	1
134275	0
134284	1
134300	0
134311	1
134326	0
134337	1
134353	0
134363	1
134379	0
134389	1
134405	0
134415	1
134432	0
134441	1
134458	0
134468	1
134483	0
134494	1
134509	0
134520	1
134535	0
134547	1
134561	0
134573	1
134588	0
135018	1
135033	0
135045	1
135060	0
135071	1
135086	0
135097	1
135112	0
135124	1
135139	0
135150	1
135165	0
135175	1
135191	0
135201	1
135217	0
135227	1
135244	0
135254	1
135270	0
135280	1
135296	0
135306	1
135322	0
135332	1
135349	0
135359	1
135375	0
135385	1
135401	0
135411	1
135426	0
135857	1
135873	0
135883	1
135898	0
135909	1
135924	0
135935	1
135950	0
135962	1
135977	0
135988	1
136003	0
136014	1
136029	0
136041	1
136056	0
136067	1
136082	0
136093	1
136108	0
136119	1
136134	0
136145	1
136161	0
136171	1
136187	0
136198	1
136213	0
136223	1
136239	0
136249	1
136269	0
136695	1
136712	0
136722	1
136737	0
136748	1
136763	0
136774	1
136789	0
136801	1
136815	0
136827	1
136842	0
136853	1
136868	0
136879	1
136895	0
136906	1
136921	0
136931	1
136947	0
136957	1
136974	0
136984	1
137000	0
137010	1
137026	0
137036	1
137051	0
137062	1
137077	0
137089	1
137104	0
137534	1
137550	0
137560	1
137576	0
137586	1
137603	0
137613	1
137629	0
137639	1
137654	0
137665	1
137680	0
137691	1
137706	0
137718	1
137733	0
137744	1
137759	0
137770	1
137785	0
137797	1
137812	0
137822	1
137838	0
137848	1
137890	0
137901	1
137917	0
137927	1
137943	0
139211	1
139228	0
139238	1
139254	0
139264	1
139279	0
139290	1
139305	0
139316	1
139332	0
139342	1
139357	0
139369	1
139384	0
139395	1
139410	0
139421	1
139436	0
139447	1
139462	0
139474	1
139489	0
139507	1
139515	0
139526	1
139542	0
139552	1
139568	0
139579	1
139594	0
139605	1
139621	0
140050	1
140066	0
140076	1
140092	0
140102	1
140119	0
140129	1
140145	0
140155	1
140170	0
140181	1
140197	0
140207	1
140222	0
140234	1
140255	0
140260	1
140275	0
140286	1
140301	0
140312	1
140327	0
140339	1
140354	0
140365	1
140380	0
140391	1
140406	0
140416	1
140433	0
140444	1
140459	0
141727	1
141743	0
141753	1
141769	0
141779	1
141796	0
141806	1
141822	0
141832	1
141848	0
141858	1
141874	0
141884	1
141901	0
141911	1
141927	0
141937	1
141953	0
141963	1
141978	0
141989	1
142004	0
142016	1
142031	0
142042	1
142057	0
142068	1
142083	0
142095	1
142110	0
142120	1
142136	0
143405	1
143420	0
143430	1
143446	0
143465	1
143473	0
143483	1
143499	0
143510	1
143525	0
143535	1
143552	0
143562	1
143578	0
143588	1
143604	0
143614	1
143630	0
143640	1
143655	0
143667	1
143682	0
143693	1
143708	0
143719	1
143734	0
143745	1
143760	0
143772	1
143787	0
143798	1
143813	0
145082	1
145097	0
145107	1
145124	0
145134	1
145150	0
145160	1
145176	0
145187	1
145202	0
145212	1
145229	0
145239	1
145255	0
145265	1
145281	0
145291	1
145308	0
145317	1
145334	0
145344	1
145360	0
145370	1
145386	0
145396	1
145412	0
145422	1
145439	0
145449	1
145465	0
145475	1
145490	0
146759	1
146774	0
146786	1
146801	0
146812	1
146827	0
146841	1
146853	0
146864	1
146880	0
146890	1
146905	0
146916	1
146931	0
146943	1
146958	0
146969	1
146984	0
146995	1
147010	0
147021	1
147036	0
147048	1
147063	0
147074	1
147089	0
147099	1
147115	0
147125	1
147142	0
147152	1
147168	0
148437	1
148452	0
148462	1
148478	0
148488	1
148505	0
148515	1
148531	0
148541	1
148557	0
148567	1
148583	0
148593	1
148610	0
148620	1
148636	0
148646	1
148661	0
148672	1
148688	0
148698	1
148713	0
148725	1
148740	0
148766	1
148768	0
148777	1
148792	0
148803	1
148818	0
148830	1
148845	0
162100	1
162115	0
162126	1
162142	0
162153	1
162168	0
162179	1
162194	0
162205	1
162220	0
162232	1
162247	0
162258	1
162273	0
162283	1
162299	0
162309	1
162325	0
162335	1
162352	0
162362	1
162378	0
162388	1
162404	0
162414	1
162430	0
162440	1
162456	0
162467	1
162483	0
162493	1
162509	0
162519	1
162535	0
162545	1
162563	0
162571	1
162588	0
162598	1
162614	0
162624	1
162640	0
162650	1
162665	0
162677	1
162693	0
162703	1
162719	0
162729	1
162744	0
162758	1
162770	0
162782	1
162797	0
162808	1
162824	0
162834	1
162849	0
162860	1
162875	0
162887	1
162902	0
162913	1
162928	0
162939	1
162954	0
162965	1
162980	0
162991	1
163007	0
163018	1
163033	0
163044	1
163059	0
163069	1
163085	0
163095	1
163112	0
163122	1
163138	0
163148	1
163164	0
163174	1
163190	0
163200	1
163217	0
163227	1
163243	0
163253	1
163269	0
163279	1
163295	0
163305	1
163329	0
163332	1
163348	0
163358	1
163374	0
163385	1
163400	0
163410	1
163427	0
163436	1
163452	0
163463	1
163478	0
163489	1
163504	0
163516	1
163531	0
163542	1
163557	0
163568	1
163583	0
163594	1
163609	0
163621	1
163636	0
163647	1
163662	0
163672	1
163689	0
163699	1
163714	0
163724	1
163741	0
163751	1
163767	0
163777	1
163793	0
163803	1
163819	0
163829	1
163845	0
163855	1
163872	0
163882	1
163898	0
163908	1
163924	0
163934	1
163950	0
163960	1
163977	0
163987	1
164003	0
164013	1
164029	0
164039	1
164056	0
164066	1
164081	0
164092	1
164107	0
164118	1
164133	0
164144	1
164159	0
164171	1
164186	0
164197	1
164212	0
164223	1
164238	0
164249	1
164264	0
164276	1
164291	0
164302	1
164317	0
164328	1
164343	0
164354	1
164369	0
164381	1
164396	0
164406	1
164422	0
164432	1
164448	0
164459	1
164474	0
164484	1
164501	0
164511	1
164527	0
164537	1
164553	0
164564	1
164579	0
164589	1
164605	0
164616	1
164632	0
164647	1
164658	0
164668	1
164685	0
164695	1
164710	0
164721	1
164736	0
164747	1
164763	0
164774	1
164789	0
164799	1
164815	0
164826	1
164841	0
164851	1
164867	0
164877	1
164894	0
164904	1
164920	0
164930	1
164946	0
164956	1
164972	0
164982	1
164999	0
165009	1
165025	0
165035	1
165051	0
165061	1
165077	0
165088	1
165103	0
165114	1
165129	0
165140	1
165155	0
165167	1
165182	0
165193	1
165208	0
165219	1
165234	0
165245	1
165260	0
165272	1
165287	0
165297	1
165314	0
165324	1
165339	0
165349	1
165365	0
165375	1
165391	0
165402	1
165417	0
165428	1
165445	0
167132	1
167147	0
167158	1
167173	0
167185	1
167199	0
167211	1
167226	0
167237	1
167252	0
167263	1
167282	0
167289	1
167305	0
167316	1
167331	0
167342	1
167358	0
167367	1
167384	0
167394	1
167409	0
167421	1
167436	0
167447	1
167462	0
167473	1
167488	0
167498	1
167514	0
167524	1
167541	0
168809	1
168825	0
168835	1
168851	0
168861	1
168878	0
168888	1
168903	0
168914	1
168929	0
168940	1
168955	0
168966	1
168982	0
168993	1
169008	0
169019	1
169034	0
169045	1
169061	0
169072	1
169087	0
169097	1
169113	0
169123	1
169139	0
169149	1
169166	0
169176	1
169192	0
169202	1
169218	0
170486	1
170502	0
170512	1
170529	0
170539	1
170555	0
170565	1
170581	0
170591	1
170607	0
170617	1
170634	0
170644	1
170659	0
170670	1
170685	0
170696	1
170712	0
170722	1
170737	0
170749	1
170764	0
170775	1
170790	0
170801	1
170816	0
170827	1
170842	0
170854	1
170869	0
170880	1
170895	0
171324	1
171341	0
171351	1
171367	0
171377	1
171393	0
171403	1
171420	0
171430	1
171446	0
171456	1
171472	0
171482	1
171498	0
171508	1
171524	0
171535	1
171551	0
171561	1
171577	0
171587	1
171603	0
171613	1
171629	0
171639	1
171656	0
171666	1
171681	0
171692	1
171708	0
171718	1
171733	0
172163	1
172180	0
172189	1
172206	0
172216	1
172232	0
172242	1
172257	0
172268	1
172285	0
172295	1
172311	0
172321	1
172337	0
172347	1
172362	0
172373	1
172388	0
172400	1
172415	0
172426	1
172441	0
172452	1
172467	0
172478	1
172493	0
172505	1
172520	0
172531	1
172546	0
172557	1
172572	0
173002	1
173018	0
173028	1
173045	0
173055	1
173071	0
173081	1
173096	0
173107	1
173122	0
173133	1
173149	0
173160	1
173175	0
173186	1
173201	0
173212	1
173227	0
173239	1
173254	0
173265	1
173280	0
173290	1
173306	0
173318	1
173333	0
173343	1
173358	0
173370	1
173385	0
173396	1
173411	0
174679	1
174696	0
174706	1
174722	0
174732	1
174748	0
174758	1
174773	0
174784	1
174799	0
174811	1
174827	0
174837	1
174852	0
174863	1
174878	0
174889	1
174904	0
174916	1
174931	0
174942	1
174957	0
174968	1
174983	0
174994	1
175009	0
175021	1
175036	0
175047	1
175062	0
175073	1
175088	0
175518	1
175534	0
175544	1
175560	0
175570	1
175587	0
175597	1
175613	0
175623	1
175638	0
175649	1
175664	0
175676	1
175690	0
175702	1
175717	0
175728	1
175743	0
175754	1
175769	0
175781	1
175796	0
175807	1
175822	0
175833	1
175848	0
175859	1
175874	0
175884	1
175901	0
175911	1
175927	0
176356	1
176373	0
176383	1
176399	0
176409	1
176425	0
176435	1
176451	0
176461	1
176478	0
176488	1
176504	0
176528	1
176530	0
176541	1
176555	0
176566	1
176583	0
176592	1
176608	0
176619	1
176634	0
176644	1
176661	0
176671	1
176687	0
176697	1
176713	0
176723	1
176739	0
176749	1
176766	0
178034	1
178049	0
178060	1
178075	0
178087	1
178102	0
178113	1
178128	0
178139	1
178154	0
178166	1
178181	0
178192	1
178207	0
178217	1
178233	0
178243	1
178259	0
178269	1
178286	0
178296	1
178312	0
178322	1
178338	0
178348	1
178365	0
178375	1
178391	0
178401	1
178417	0
178427	1
178443	0
179711	1
179727	0
179737	1
179753	0
179764	1
179780	0
179790	1
179806	0
179816	1
179832	0
179842	1
179859	0
179869	1
179884	0
179895	1
179910	0
179921	1
179942	0
179947	1
179962	0
179974	1
179989	0
180000	1
180015	0
180026	1
180041	0
180051	1
180068	0
180078	1
180094	0
180104	1
180120	0
180550	1
180566	0
180576	1
180591	0
180603	1
180618	0
180629	1
180644	0
180655	1
180670	0
180680	1
180696	0
180708	1
180723	0
180734	1
180749	0
180759	1
180775	0
180785	1
180802	0
180812	1
180828	0
180838	1
180854	0
180864	1
180880	0
180890	1
180906	0
180916	1
180933	0
180943	1
180959	0
182227	1
182242	0
182254	1
182269	0
182280	1
182295	0
182306	1
182321	0
182332	1
182347	0
182359	1
182374	0
182385	1
182400	0
182410	1
182426	0
182436	1
182452	0
182462	1
182479	0
182489	1
182505	0
182515	1
182531	0
182541	1
182558	0
182568	1
182584	0
182594	1
182609	0
182620	1
182635	0
183067	1
183082	0
183092	1
183108	0
183118	1
183139	0
183144	1
183161	0
183170	1
183186	0
183197	1
183213	0
183223	1
183239	0
183249	1
183265	0
183275	1
183290	0
183302	1
183318	0
183328	1
183344	0
183354	1
183369	0
183380	1
183395	0
183407	1
183422	0
183433	1
183448	0
183459	1
183474	0
183905	1
183920	0
183930	1
183946	0
183957	1
183972	0
183982	1
183999	0
184009	1
184025	0
184035	1
184051	0
184061	1
184078	0
184088	1
184104	0
184114	1
184130	0
184140	1
184156	0
184166	1
184183	0
184193	1
184209	0
184219	1
184234	0
184245	1
184260	0
184272	1
184287	0
184298	1
184313	0
185582	1
185597	0
185608	1
185623	0
185634	1
185649	0
185661	1
185676	0
185687	1
185702	0
185713	1
185728	0
185739	1
185754	0
185779	1
185781	0
185792	1
185807	0
185818	1
185833	0
185844	1
185860	0
185870	1
185886	0
185896	1
185911	0
185922	1
185937	0
185949	1
185964	0
185975	1
185990	0
187258	1
187275	0
187285	1
187301	0
187311	1
187327	0
187337	1
187353	0
187363	1
187380	0
187390	1
187406	0
187416	1
187432	0
187442	1
187458	0
187468	1
187484	0
187495	1
187511	0
187521	1
187537	0
187547	1
187563	0
187573	1
187589	0
187599	1
187616	0
187626	1
187641	0
187652	1
187667	0
188098	1
188113	0
188124	1
188139	0
188150	1
188165	0
188177	1
188191	0
188203	1
188218	0
188228	1
188244	0
188254	1
188271	0
188281	1
188297	0
188307	1
188323	0
188333	1
188349	0
188359	1
188376	0
188386	1
188402	0
188412	1
188427	0
188440	1
188455	0
188464	1
188480	0
188491	1
188506	0
189775	1
189790	0
189801	1
189817	0
189827	1
189843	0
189854	1
189869	0
189880	1
189895	0
189906	1
189921	0
189932	1
189947	0
189959	1
189974	0
189985	1
190000	0
190011	1
190026	0
190036	1
190053	0
190063	1
190079	0
190089	1
190105	0
190115	1
190131	0
190141	1
190158	0
190168	1
190184	0
191452	1
191468	0
191478	1
191494	0
191504	1
191521	0
191531	1
191546	0
191557	1
191572	0
191583	1
191598	0
191610	1
191625	0
191636	1
191651	0
191662	1
191677	0
191689	1
191703	0
191713	1
191730	0
191740	1
191756	0
191766	1
191782	0
191792	1
191809	0
191821	1
191835	0
191845	1
191860	0
192290	1
192305	0
192318	1
192333	0
192343	1
192359	0
192369	1
192393	0
192396	1
192411	0
192421	1
192438	0
192448	1
192463	0
192474	1
192489	0
192501	1
192516	0
192527	1
192542	0
192553	1
192568	0
192579	1
192594	0
192606	1
192621	0
192632	1
192647	0
192657	1
192673	0
192683	1
192699	0
193136	1
193144	0
193156	1
193171	0
193182	1
193197	0
193208	1
193223	0
193234	1
193249	0
193261	1
193276	0
193287	1
193302	0
193313	1
193328	0
193339	1
193354	0
193366	1
193381	0
193392	1
193407	0
193418	1
193433	0
193444	1
193459	0
193471	1
193486	0
193496	1
193512	0
193522	1
193538	0
194807	1
194823	0
194833	1
194848	0
194859	1
194874	0
194885	1
194900	0
194912	1
194927	0
194938	1
194953	0
194964	1
194979	0
194990	1
195005	0
195043	1
195059	0
195068	1
195085	0
195096	1
195111	0
195121	1
195137	0
195147	1
195162	0
195174	1
195189	0
195200	1
195216	0
195645	1
195661	0
195671	1
195687	0
195697	1
195713	0
195723	1
195740	0
195750	1
195766	0
195784	1
195792	0
195803	1
195818	0
195828	1
195844	0
195854	1
195871	0
195881	1
195897	0
195907	1
195923	0
195933	1
195949	0
195959	1
195976	0
195986	1
196002	0
196012	1
196028	0
196038	1
196054	0
196483	1
196500	0
196510	1
196526	0
196536	1
196552	0
196562	1
196578	0
196588	1
196605	0
196615	1
196631	0
196641	1
196657	0
196667	1
196682	0
196693	1
196710	0
196720	1
196736	0
196746	1
196761	0
196772	1
196787	0
196799	1
196814	0
196824	1
196840	0
196851	1
196866	0
196877	1
196892	0
198162	1
198177	0
198188	1
198203	0
198214	1
198229	0
198239	1
198255	0
198265	1
198282	0
198292	1
198308	0
198318	1
198334	0
198344	1
198360	0
198370	1
198387	0
198397	1
198413	0
198423	1
198438	0
198449	1
198465	0
198476	1
198492	0
198502	1
198518	0
198528	1
198544	0
198554	1
198570	0
198999	1
199015	0
199026	1
199042	0
199053	1
199069	0
199079	1
199094	0
199104	1
199121	0
199131	1
199146	0
199157	1
199173	0
199183	1
199199	0
199209	1
199225	0
199235	1
199251	0
199261	1
199278	0
199288	1
199304	0
199314	1
199330	0
199340	1
199356	0
199366	1
199383	0
199393	1
199409	0
199838	1
199854	0
199864	1
199881	0
199891	1
199906	0
199917	1
199932	0
199943	1
199958	0
199970	1
199985	0
199996	1
200011	0
200022	1
200037	0
200048	1
200063	0
200075	1
200090	0
200100	1
200116	0
200126	1
200142	0
200152	1
200169	0
200179	1
200195	0
200205	1
200221	0
200231	1
200247	0
200677	1
200694	0
200703	1
200719	0
200729	1
200745	0
200755	1
200772	0
200782	1
200798	0
200808	1
200824	0
200834	1
200850	0
200860	1
200876	0
200887	1
200903	0
200913	1
200929	0
200939	1
200955	0
200965	1
200981	0
200992	1
201007	0
201018	1
201033	0
201044	1
201059	0
201070	1
201085	0
201516	1
201531	0
201542	1
201557	0
201569	1
201584	0
201594	1
201610	0
201620	1
201635	0
201647	1
201669	0
201673	1
201688	0
201699	1
201715	0
201725	1
201741	0
201752	1
201767	0
201778	1
201793	0
201803	1
201819	0
201830	1
201846	0
201856	1
201872	0
201882	1
201899	0
201909	1
201925	0
202354	1
202370	0
202380	1
202396	0
202407	1
202423	0
202433	1
202448	0
202459	1
202475	0
202486	1
202501	0
202511	1
202527	0
202537	1
202553	0
202563	1
202579	0
202589	1
202606	0
202616	1
202632	0
202642	1
202658	0
202668	1
202685	0
202694	1
202711	0
202721	1
202737	0
202747	1
202763	0
203194	1
203208	0
203219	1
203234	0
203246	1
203261	0
203272	1
203287	0
203297	1
203313	0
203324	1
203339	0
203351	1
203366	0
203376	1
203392	0
203402	1
203418	0
203428	1
203444	0
203454	1
203471	0
203481	1
203497	0
203507	1
203523	0
203533	1
203549	0
203559	1
203576	0
203586	1
203602	0
204032	1
204047	0
204057	1
204073	0
204083	1
204100	0
204110	1
204126	0
204136	1
204152	0
204162	1
204178	0
204188	1
204204	0
204214	1
204231	0
204241	1
204257	0
204267	1
204283	0
204293	1
204313	0
204321	1
204336	0
204346	1
204362	0
204372	1
204388	0
204398	1
204415	0
204425	1
204441	0
204871	1
204886	0
204896	1
204912	0
204922	1
204938	0
204948	1
204964	0
204974	1
204991	0
205001	1
205017	0
205027	1
205043	0
205054	1
205070	0
205080	1
205096	0
205106	1
205122	0
205132	1
205148	0
205158	1
205173	0
205185	1
205201	0
205211	1
205226	0
205237	1
205252	0
205263	1
205278	0
205709	1
205725	0
205735	1
205751	0
205761	1
205776	0
205787	1
205802	0
205814	1
205830	0
205840	1
205855	0
205866	1
205881	0
205892	1
205907	0
205919	1
205934	0
205945	1
205960	0
205971	1
205986	0
205997	1
206012	0
206024	1
206039	0
206050	1
206065	0
206076	1
206091	0
206102	1
206117	0
206547	1
206563	0
206573	1
206589	0
206599	1
206616	0
206626	1
206642	0
206652	1
206668	0
206678	1
206694	0
206704	1
206721	0
206731	1
206747	0
206757	1
206773	0
206783	1
206798	0
206810	1
206826	0
206836	1
206851	0
206862	1
206877	0
206888	1
206903	0
206915	1
206930	0
206941	1
206957	0
207386	1
207402	0
207412	1
207428	0
207438	1
207454	0
207464	1
207481	0
207491	1
207507	0
207517	1
207532	0
207543	1
207558	0
207570	1
207585	0
207596	1
207611	0
207622	1
207637	0
207648	1
207663	0
207675	1
207690	0
207701	1
207716	0
207727	1
207742	0
207754	1
207769	0
207779	1
207795	0
208225	1
208240	0
208250	1
208267	0
208277	1
208298	0
208303	1
208319	0
208330	1
208345	0
208356	1
208371	0
208382	1
208398	0
208408	1
208424	0
208434	1
208450	0
208460	1
208476	0
208486	1
208503	0
208513	1
208529	0
208539	1
208555	0
208565	1
208581	0
208591	1
208608	0
208618	1
208634	0
209063	1
209078	0
209090	1
209105	0
209116	1
209131	0
209142	1
209157	0
209169	1
209184	0
209195	1
209210	0
209221	1
209236	0
209246	1
209262	0
209272	1
209289	0
209299	1
209315	0
209325	1
209341	0
209351	1
209367	0
209377	1
209394	0
209404	1
209420	0
209430	1
209446	0
209456	1
209472	0
209902	1
209917	0
209929	1
209946	0
209954	1
209970	0
209980	1
209996	0
210006	1
210023	0
210033	1
210049	0
210059	1
210075	0
210085	1
210100	0
210112	1
210127	0
210138	1
210153	0
210164	1
210179	0
210191	1
210205	0
210217	1
210232	0
210243	1
210258	0
210269	1
210284	0
210296	1
210311	0
210741	1
210756	0
210767	1
210782	0
210793	1
210808	0
210819	1
210834	0
210846	1
210861	0
210872	1
210887	0
210898	1
210913	0
210923	1
210940	0
210951	1
210966	0
210976	1
210993	0
211002	1
211018	0
211029	1
211044	0
211056	1
211071	0
211082	1
211097	0
211107	1
211123	0
211133	1
211149	0
211579	1
211595	0
211605	1
211620	0
211632	1
211647	0
211658	1
211680	0
211684	1
211700	0
211710	1
211726	0
211736	1
211752	0
211762	1
211779	0
211789	1
211805	0
211815	1
211831	0
211841	1
211857	0
211867	1
211882	0
211894	1
211909	0
211920	1
211935	0
211946	1
211961	0
211972	1
211987	0
212417	1
212434	0
212445	1
212460	0
212470	1
212486	0
212496	1
212512	0
212522	1
212539	0
212549	1
212565	0
212575	1
212591	0
212601	1
212617	0
212627	1
212644	0
212654	1
212669	0
212680	1
212696	0
212706	1
212722	0
212732	1
212747	0
212759	1
212774	0
212785	1
212800	0
212811	1
212826	0
213257	1
213272	0
213283	1
213298	0
213309	1
213324	0
213335	1
213350	0
213362	1
213377	0
213388	1
213403	0
213413	1
213429	0
213439	1
213455	0
213467	1
213482	0
213492	1
213508	0
213518	1
213534	0
213544	1
213560	0
213580	1
213586	0
213597	1
213612	0
213624	1
213639	0
213650	1
213665	0
214095	1
214110	0
214122	1
214137	0
214148	1
214163	0
214174	1
214189	0
214200	1
214215	0
214227	1
214242	0
214253	1
214268	0
214278	1
214294	0
214304	1
214321	0
214331	1
214346	0
214358	1
214373	0
214383	1
214399	0
214409	1
214425	0
214435	1
214451	0
214461	1
214478	0
214488	1
214504	0
214934	1
214949	0
214960	1
214976	0
214986	1
215002	0
215012	1
215028	0
215038	1
215055	0
215065	1
215081	0
215091	1
215106	0
215117	1
215132	0
215144	1
215159	0
215170	1
215185	0
215196	1
215211	0
215222	1
215237	0
215248	1
215264	0
215275	1
215290	0
215301	1
215316	0
215327	1
215342	0
216611	1
216626	0
216637	1
216652	0
216664	1
216679	0
216690	1
216705	0
216715	1
216732	0
216742	1
216758	0
216768	1
216784	0
216794	1
216810	0
216821	1
216836	0
216847	1
216862	0
216873	1
216888	0
216900	1
216915	0
216926	1
216941	0
216952	1
216967	0
216978	1
216993	0
217004	1
217020	0
217450	1
217465	0
217476	1
217491	0
217502	1
217517	0
217529	1
217544	0
217562	1
217572	0
217581	1
217596	0
217607	1
217622	0
217633	1
217649	0
217660	1
217675	0
217686	1
217701	0
217712	1
217727	0
217738	1
217753	0
217763	1
217780	0
217790	1
217806	0
217816	1
217833	0
217843	1
217858	0
218288	1
218304	0
218315	1
218330	0
218344	1
218356	0
218367	1
218382	0
218393	1
218409	0
218420	1
218435	0
218446	1
218461	0
218472	1
218487	0
218497	1
218514	0
218524	1
218540	0
218550	1
218566	0
218576	1
218592	0
218602	1
218619	0
218629	1
218645	0
218655	1
218671	0
218681	1
218697	0
219126	1
219143	0
219153	1
219169	0
219179	1
219196	0
219205	1
219221	0
219231	1
219248	0
219258	1
219274	0
219284	1
219300	0
219310	1
219326	0
219336	1
219352	0
219362	1
219379	0
219389	1
219405	0
219415	1
219430	0
219441	1
219457	0
219467	1
219484	0
219494	1
219510	0
219520	1
219535	0
219965	1
219980	0
219992	1
220007	0
220018	1
220033	0
220044	1
220059	0
220072	1
220086	0
220097	1
220112	0
220123	1
220138	0
220149	1
220164	0
220175	1
220191	0
220202	1
220217	0
220227	1
220243	0
220254	1
220269	0
220280	1
220296	0
220306	1
220322	0
220332	1
220347	0
220359	1
220374	0
220804	1
220821	0
220830	1
220846	0
220856	1
220873	0
220883	1
220899	0
220909	1
220925	0
220935	1
220951	0
220961	1
220976	0
220987	1
221003	0
221013	1
221030	0
221040	1
221056	0
221066	1
221081	0
221092	1
221108	0
221119	1
221134	0
221145	1
221160	0
221171	1
221186	0
221198	1
221213	0
222482	1
222497	0
222507	1
222523	0
222533	1
222550	0
222560	1
222576	0
222586	1
222602	0
222612	1
222628	0
222638	1
222654	0
222665	1
222681	0
222691	1
222707	0
222717	1
222733	0
222743	1
222759	0
222770	1
222786	0
222796	1
222811	0
222822	1
222838	0
222848	1
222873	0
222874	1
222891	0
223321	1
223336	0
223346	1
223362	0
223372	1
223389	0
223399	1
223414	0
223425	1
223440	0
223451	1
223466	0
223477	1
223492	0
223504	1
223519	0
223530	1
223545	0
223556	1
223572	0
223582	1
223597	0
223617	1
223624	0
223635	1
223650	0
223661	1
223676	0
223687	1
223702	0
223713	1
223728	0
224159	1
224174	0
224188	1
224200	0
224211	1
224226	0
224237	1
224253	0
224264	1
224279	0
224290	1
224306	0
224316	1
224332	0
224342	1
224358	0
224368	1
224384	0
224394	1
224411	0
224421	1
224437	0
224447	1
224463	0
224473	1
224489	0
224499	1
224514	0
224526	1
224541	0
224552	1
224567	0
225836	1
225852	0
225862	1
225877	0
225888	1
225903	0
225915	1
225930	0
225941	1
225956	0
225967	1
225983	0
225993	1
226009	0
226019	1
226035	0
226045	1
226062	0
226072	1
226087	0
226098	1
226113	0
226124	1
226139	0
226151	1
226166	0
226177	1
226192	0
226203	1
226218	0
226229	1
226244	0
226674	1
226690	0
226700	1
226716	0
226726	1
226743	0
226753	1
226769	0
226779	1
226795	0
226805	1
226826	0
226831	1
226848	0
226857	1
226874	0
226884	1
226899	0
226910	1
226926	0
226936	1
226952	0
226962	1
226978	0
226988	1
227005	0
227015	1
227031	0
227041	1
227057	0
227067	1
227084	0
228352	1
228367	0
228377	1
228394	0
228404	1
228419	0
228431	1
228447	0
228456	1
228472	0
228483	1
228499	0
228509	1
228525	0
228535	1
228551	0
228561	1
228577	0
228588	1
228603	0
228614	1
228629	0
228640	1
228655	0
228667	1
228682	0
228692	1
228708	0
228719	1
228734	0
228744	1
228761	0
229191	1
229206	0
229217	1
229232	0
229243	1
229258	0
229269	1
229284	0
229296	1
229311	0
229322	1
229337	0
229348	1
229363	0
229373	1
229390	0
229400	1
229416	0
229426	1
229442	0
229452	1
229468	0
229478	1
229494	0
229504	1
229521	0
229531	1
229555	0
229558	1
229572	0
229583	1
229600	0
230874	1
230884	0
230895	1
230910	0
230920	1
230936	0
230947	1
230962	0
230972	1
230989	0
230999	1
231015	0
231025	1
231040	0
231051	1
231066	0
231078	1
231093	0
231104	1
231119	0
231130	1
231145	0
231156	1
231171	0
231181	1
231198	0
231209	1
231224	0
231234	1
231250	0
231260	1
231276	0
231707	1
231722	0
231733	1
231748	0
231758	1
231774	0
231784	1
231801	0
231811	1
231827	0
231837	1
231853	0
231863	1
231879	0
231889	1
231906	0
231916	1
231932	0
231942	1
231958	0
231968	1
231984	0
231994	1
232011	0
232021	1
232037	0
232047	1
232062	0
232073	1
232088	0
232099	1
232114	0
232545	1
232561	0
232572	1
232587	0
232597	1
232613	0
232623	1
232640	0
232650	1
232666	0
232676	1
232691	0
232702	1
232718	0
232728	1
232745	0
232755	1
232770	0
232781	1
232796	0
232807	1
232823	0
232833	1
232848	0
232860	1
232875	0
232886	1
232901	0
232912	1
232932	0
232937	1
232953	0
233384	1
233399	0
233410	1
233425	0
233436	1
233451	0
233462	1
233477	0
233489	1
233504	0
233515	1
233530	0
233541	1
233556	0
233567	1
233583	0
233594	1
233609	0
233619	1
233635	0
233645	1
233662	0
233672	1
233687	0
233698	1
233714	0
233724	1
233739	0
233750	1
233765	0
233777	1
233792	0
234222	1
234238	0
234253	1
234264	0
234274	1
234291	0
234301	1
234316	0
234327	1
234343	0
234353	1
234368	0
234379	1
234394	0
234406	1
234421	0
234432	1
234448	0
234458	1
234473	0
234484	1
234499	0
234511	1
234526	0
234537	1
234552	0
234563	1
234578	0
234589	1
234604	0
234616	1
234631	0
235061	1
235076	0
235086	1
235103	0
235113	1
235129	0
235139	1
235155	0
235165	1
235182	0
235192	1
235208	0
235218	1
235234	0
235244	1
235260	0
235270	1
235286	0
235296	1
235313	0
235323	1
235339	0
235349	1
235365	0
235375	1
235391	0
235401	1
235417	0
235428	1
235443	0
235454	1
235469	0
235900	1
235915	0
235926	1
235941	0
235952	1
235967	0
235978	1
235994	0
236005	1
236020	0
236030	1
236046	0
236056	1
236074	0
236082	1
236099	0
236109	1
236125	0
236142	1
236151	0
236161	1
236177	0
236188	1
236204	0
236214	1
236230	0
236241	1
236255	0
236267	1
236282	0
236293	1
236308	0
236738	1
236753	0
236764	1
236779	0
236791	1
236806	0
236817	1
236832	0
236843	1
236858	0
236870	1
236894	0
236896	1
236911	0
236921	1
236938	0
236949	1
236964	0
236974	1
236990	0
237000	1
237016	0
237026	1
237041	0
237053	1
237068	0
237079	1
237094	0
237105	1
237120	0
237131	1
237147	0
237576	1
237593	0
237603	1
237619	0
237629	1
237645	0
237655	1
237671	0
237681	1
237697	0
237708	1
237724	0
237734	1
237750	0
237760	1
237775	0
237786	1
237801	0
237813	1
237829	0
237839	1
237854	0
237918	1
237933	0
237944	1
237959	0
237969	1
237985	0
238416	1
238431	0
238442	1
238457	0
238468	1
238483	0
238494	1
238509	0
238521	1
238536	0
238546	1
238562	0
238573	1
238588	0
238598	1
238614	0
238624	1
238641	0
238651	1
238667	0
238677	1
238693	0
238703	1
238719	0
238729	1
238746	0
238756	1
238772	0
238782	1
238798	0
238808	1
238832	0
240093	1
240108	0
240118	1
240141	0
240145	1
240160	0
240171	1
240187	0
240198	1
240213	0
240224	1
240239	0
240249	1
240266	0
240276	1
240292	0
240302	1
240317	0
240328	1
240345	0
240355	1
240371	0
240381	1
240396	0
240407	1
240422	0
240433	1
240448	0
240460	1
240475	0
240486	1
240501	0
241769	1
241786	0
241796	1
241812	0
241823	1
241838	0
241849	1
241864	0
241875	1
241890	0
241901	1
241916	0
241928	1
241943	0
241953	1
241968	0
241980	1
241995	0
242006	1
242021	0
242032	1
242047	0
242059	1
242075	0
242084	1
242100	0
242110	1
242126	0
242136	1
242153	0
242163	1
242179	0
242608	1
242625	0
242635	1
242650	0
242661	1
242676	0
242687	1
242703	0
242713	1
242728	0
242740	1
242755	0
242766	1
242781	0
242792	1
242808	0
242818	1
242834	0
242845	1
242860	0
242871	1
242887	0
242897	1
242912	0
242923	1
242938	0
242949	1
242965	0
242976	1
242991	0
243002	1
243017	0
243448	1
243463	0
243473	1
243488	0
243500	1
243515	0
243526	1
243542	0
243552	1
243567	0
243578	1
243593	0
243604	1
243619	0
243631	1
243646	0
243657	1
243672	0
243683	1
243699	0
243709	1
243724	0
243736	1
243751	0
243762	1
243777	0
243788	1
243803	0
243813	1
243829	0
243841	1
243856	0
244286	1
244301	0
244311	1
244327	0
244339	1
244354	0
244365	1
244380	0
244390	1
244406	0
244416	1
244433	0
244443	1
244459	0
244469	1
244485	0
244495	1
244511	0
244521	1
244538	0
244548	1
244564	0
244575	1
244590	0
244600	1
244616	0
244626	1
244642	0
244653	1
244669	0
244679	1
244694	0
245124	1
245140	0
245150	1
245167	0
245177	1
245193	0
245203	1
245219	0
245229	1
245245	0
245255	1
245270	0
245282	1
245297	0
245308	1
245324	0
245334	1
245349	0
245361	1
245376	0
245387	1
245402	0
245415	1
245429	0
245439	1
245455	0
245465	1
245481	0
245491	1
245507	0
245517	1
245532	0
245964	1
245979	0
245989	1
246005	0
246015	1
246031	0
246041	1
246057	0
246068	1
246084	0
246094	1
246110	0
246120	1
246136	0
246152	1
246161	0
246172	1
246188	0
246200	1
246215	0
246225	1
246241	0
246251	1
246267	0
246277	1
246293	0
246304	1
246319	0
246330	1
246345	0
246356	1
246371	0
246802	1
246817	0
246828	1
246843	0
246854	1
246870	0
246880	1
246896	0
246906	1
246922	0
246932	1
246950	0
246958	1
246975	0
246985	1
247001	0
247011	1
247027	0
247037	1
247054	0
247064	1
247080	0
247090	1
247105	0
247116	1
247131	0
247142	1
247157	0
247169	1
247184	0
247195	1
247210	0
247640	1
247656	0
247666	1
247682	0
247693	1
247709	0
247719	1
247735	0
247745	1
247761	0
247771	1
247787	0
247797	1
247812	0
247825	1
247840	0
247850	1
247893	0
247903	1
247918	0
247928	1
247944	0
247955	1
247971	0
247981	1
247997	0
248007	1
248022	0
248033	1
248048	0
248478	1
248495	0
248505	1
248521	0
248531	1
248547	0
248557	1
248575	0
248583	1
248600	0
248610	1
248626	0
248636	1
248651	0
248662	1
248677	0
248689	1
248704	0
248715	1
248730	0
248741	1
248756	0
248768	1
248783	0
248794	1
248809	0
248819	1
248835	0
248846	1
248861	0
248872	1
248888	0
250156	1
250172	0
250182	1
250199	0
250208	1
250224	0
250234	1
250251	0
250261	1
250277	0
250287	1
250303	0
250313	1
250329	0
250339	1
250356	0
250366	1
250381	0
250392	1
250407	0
250418	1
250433	0
250445	1
250459	0
250471	1
250486	0
250497	1
250512	0
250523	1
250538	0
250550	1
250565	0
250994	1
251011	0
251021	1
251037	0
251047	1
251062	0
251074	1
251089	0
251099	1
251116	0
251126	1
251141	0
251152	1
251167	0
251178	1
251193	0
251204	1
251219	0
251231	1
251246	0
251257	1
251272	0
251283	1
251298	0
251310	1
251326	0
251336	1
251351	0
251362	1
251377	0
251388	1
251403	0
251833	1
251849	0
251860	1
251875	0
251885	1
251901	0
251912	1
251928	0
251939	1
251954	0
251964	1
251980	0
251991	1
252007	0
252017	1
252033	0
252043	1
252058	0
252069	1
252085	0
252095	1
252111	0
252122	1
252138	0
252147	1
252164	0
252174	1
252190	0
252200	1
252216	0
252227	1
252242	0
252672	1
252687	0
252700	1
252714	0
252725	1
252740	0
252751	1
252766	0
252782	1
252793	0
252803	1
252818	0
252829	1
252844	0
252856	1
252871	0
252882	1
252897	0
252908	1
252923	0
252933	1
252951	0
252961	1
252976	0
252987	1
253002	0
253012	1
253028	0
253038	1
253055	0
253065	1
253081	0
253510	1
253527	0
253537	1
253553	0
253563	1
253579	0
253589	1
253605	0
253615	1
253632	0
253642	1
253658	0
253668	1
253683	0
253694	1
253709	0
253720	1
253735	0
253747	1
253762	0
253773	1
253788	0
253799	1
253814	0
253826	1
253841	0
253852	1
253867	0
253877	1
253893	0
253903	1
253919	0
254349	1
254365	0
254375	1
254390	0
254402	1
254417	0
254428	1
254443	0
254454	1
254469	0
254481	1
254496	0
254507	1
254522	0
254533	1
254548	0
254558	1
254576	0
254586	1
254601	0
254611	1
254627	0
254637	1
254660	0
254663	1
254679	0
254690	1
254705	0
254716	1
254732	0
254743	1
254758	0
255188	1
255204	0
255214	1
255229	0
255240	1
255255	0
255267	1
255282	0
255293	1
255308	0
255319	1
255334	0
255345	1
255360	0
255372	1
255387	0
255398	1
255413	0
255423	1
255440	0
255451	1
255466	0
255476	1
255492	0
255502	1
255518	0
255528	1
255545	0
255555	1
255571	0
255581	1
255597	0
256027	1
256042	0
256053	1
256069	0
256080	1
256094	0
256105	1
256120	0
256132	1
256147	0
256158	1
256173	0
256183	1
256201	0
256211	1
256226	0
256236	1
256252	0
256262	1
256278	0
256288	1
256304	0
256314	1
256331	0
256341	1
256357	0
256367	1
256383	0
256393	1
256409	0
256419	1
256436	0
256866	1
256881	0
256891	1
256907	0
256917	1
256933	0
256943	1
256959	0
256969	1
256986	0
256996	1
257012	0
257022	1
257038	0
257048	1
257065	0
257076	1
257091	0
257101	1
257117	0
257127	1
257142	0
257153	1
257169	0
257180	1
257195	0
257206	1
257221	0
257232	1
257247	0
257259	1
257274	0
257704	1
257720	0
257730	1
257745	0
257756	1
257771	0
257783	1
257798	0
257809	1
257825	0
257835	1
257850	0
257860	1
257902	0
257914	1
257929	0
257940	1
257956	0
257966	1
257981	0
257991	1
258008	0
258018	1
258034	0
258044	1
258060	0
258070	1
258087	0
258097	1
258113	0
258542	1
258558	0
258568	1
258584	0
258594	1
258611	0
258621	1
258637	0
258647	1
258662	0
258674	1
258689	0
258701	1
258715	0
258726	1
258741	0
258752	1
258767	0
258779	1
258794	0
258805	1
258820	0
258831	1
258846	0
258857	1
258872	0
258883	1
258899	0
258909	1
258925	0
258935	1
258951	0
259382	1
259397	0
259408	1
259422	0
259434	1
259449	0
259460	1
259475	0
259486	1
259501	0
259512	1
259527	0
259539	1
259554	0
259565	1
259580	0
259591	1
259606	0
259617	1
259632	0
259644	1
259659	0
259670	1
259685	0
259695	1
259711	0
259722	1
259737	0
259748	1
259764	0
259774	1
259790	0
260220	1
260235	0
260246	1
260261	0
260273	1
260288	0
260299	1
260314	0
260324	1
260340	0
260350	1
260366	0
260376	1
260393	0
260403	1
260419	0
260429	1
260445	0
260455	1
260471	0
260481	1
260498	0
260508	1
260524	0
260534	1
260550	0
260560	1
260577	0
260587	1
260602	0
260613	1
260628	0
261058	1
261074	0
261084	1
261100	0
261110	1
261127	0
261137	1
261153	0
261163	1
261179	0
261189	1
261205	0
261215	1
261232	0
261242	1
261258	0
261268	1
261284	0
261296	1
261310	0
261321	1
261335	0
261346	1
261363	0
261373	1
261388	0
261399	1
261415	0
261425	1
261441	0
261451	1
261467	0
261897	1
261912	0
261924	1
261939	0
261949	1
261965	0
261976	1
261991	0
262002	1
262017	0
262027	1
262043	0
262054	1
262069	0
262081	1
262096	0
262107	1
262122	0
262133	1
262148	0
262160	1
262175	0
262185	1
262202	0
262211	1
262227	0
262237	1
262253	0
262263	1
262280	0
262290	1
262306	0
262735	1
262751	0
262762	1
262778	0
262788	1
262804	0
262814	1
262830	0
262840	1
262856	0
262866	1
262883	0
262893	1
262908	0
262919	1
262934	0
262945	1
262961	0
262971	1
262986	0
262998	1
263013	0
263024	1
263039	0
263050	1
263065	0
263077	1
263092	0
263103	1
263118	0
263129	1
263144	0
263574	1
263590	0
263600	1
263616	0
263626	1
263643	0
263653	1
263668	0
263679	1
263694	0
263705	1
263720	0
263732	1
263747	0
263758	1
263773	0
263784	1
263799	0
263810	1
263827	0
263837	1
263852	0
263863	1
263878	0
263889	1
263904	0
263914	1
263930	0
263940	1
263957	0
263967	1
263983	0
264412	1
264428	0
264439	1
264455	0
264465	1
264481	0
264491	1
264507	0
264517	1
264533	0
264544	1
264560	0
264570	1
264586	0
264596	1
264612	0
264622	1
264638	0
264648	1
264668	0
264674	1
264691	0
264702	1
264717	0
264727	1
264743	0
264753	1
264768	0
264780	1
264796	0
264806	1
264821	0
265251	1
265268	0
265278	1
265293	0
265304	1
265319	0
265330	1
265345	0
265356	1
265371	0
265383	1
265398	0
265409	1
265424	0
265435	1
265451	0
265461	1
265476	0
265488	1
265503	0
265514	1
265529	0
265540	1
265555	0
265566	1
265581	0
265592	1
265607	0
265619	1
265634	0
265645	1
265660	0
266089	1
266106	0
266116	1
266132	0
266142	1
266158	0
266168	1
266185	0
266195	1
266211	0
266221	1
266237	0
266247	1
266263	0
266273	1
266288	0
266300	1
266315	0
266327	1
266341	0
266352	1
266367	0
266379	1
266394	0
266405	1
266420	0
266431	1
266446	0
266457	1
266472	0
266484	1
266499	0
266929	1
266945	0
266955	1
266971	0
266981	1
266997	0
267007	1
267022	0
267034	1
267049	0
267060	1
267075	0
267086	1
267101	0
267113	1
267128	0
267139	1
267154	0
267164	1
267180	0
267190	1
267206	0
267218	1
267233	0
267243	1
267259	0
267269	1
267285	0
267296	1
267312	0
267321	1
267337	0
267768	1
267783	0
267794	1
267809	0
267820	1
267835	0
267846	1
267896	0
267898	1
267915	0
267924	1
267941	0
267953	1
267966	0
267977	1
267992	0
268003	1
268018	0
268029	1
268044	0
268056	1
268071	0
268082	1
268097	0
268108	1
268123	0
268135	1
268150	0
268161	1
268176	0
268605	1
268622	0
268632	1
268648	0
268659	1
268673	0
268685	1
268700	0
268711	1
268726	0
268737	1
268752	0
268763	1
268779	0
268790	1
268805	0
268816	1
268831	0
268842	1
268857	0
268868	1
268883	0
268895	1
268910	0
268921	1
268936	0
268946	1
268962	0
268972	1
268989	0
268999	1
269015	0
269445	1
269461	0
269471	1
269487	0
269497	1
269513	0
269523	1
269538	0
269550	1
269565	0
269577	1
269591	0
269602	1
269617	0
269628	1
269643	0
269654	1
269670	0
269681	1
269696	0
269707	1
269722	0
269733	1
269748	0
269759	1
269774	0
269786	1
269801	0
269812	1
269828	0
269838	1
269853	0
270283	1
270299	0
270309	1
270324	0
270335	1
270352	0
270362	1
270377	0
270388	1
270403	0
270414	1
270430	0
270441	1
270456	0
270467	1
270482	0
270493	1
270508	0
270519	1
270534	0
270545	1
270560	0
270572	1
270587	0
270598	1
270613	0
270624	1
270639	0
270650	1
270665	0
270677	1
270692	0
271122	1
271137	0
271148	1
271163	0
271174	1
271189	0
271202	1
271215	0
271227	1
271242	0
271253	1
271268	0
271283	1
271294	0
271306	1
271321	0
271332	1
271347	0
271358	1
271373	0
271384	1
271399	0
271411	1
271426	0
271437	1
271453	0
271463	1
271478	0
271489	1
271504	0
271514	1
271531	0
271960	1
271976	0
271986	1
272003	0
272013	1
272028	0
272039	1
272054	0
272065	1
272081	0
272092	1
272107	0
272118	1
272133	0
272145	1
272160	0
272170	1
272186	0
272196	1
272212	0
272223	1
272238	0
272248	1
272264	0
272274	1
272291	0
272301	1
272317	0
272328	1
272343	0
272353	1
272369	0
272799	1
272814	0
272825	1
272840	0
272852	1
272867	0
272878	1
272893	0
272903	1
272920	0
272930	1
272946	0
272956	1
272971	0
272983	1
272999	0
273009	1
273025	0
273035	1
273050	0
273061	1
273077	0
273087	1
273102	0
273114	1
273129	0
273140	1
273155	0
273166	1
273181	0
273192	1
273208	0
273638	1
273653	0
273663	1
273680	0
273690	1
273706	0
273716	1
273732	0
273742	1
273758	0
273768	1
273785	0
273795	1
273811	0
273821	1
273837	0
273848	1
273863	0
273874	1
273889	0
273900	1
273916	0
273926	1
273942	0
273955	1
273968	0
273978	1
273994	0
274004	1
274021	0
274031	1
274047	0
274483	1
274492	0
274502	1
274518	0
274528	1
274545	0
274555	1
274571	0
274581	1
274597	0
274607	1
274623	0
274633	1
274650	0
274660	1
274676	0
274686	1
274703	0
274712	1
274728	0
274738	1
274755	0
274765	1
274781	0
274791	1
274806	0
274817	1
274833	0
274843	1
274859	0
274869	1
274884	0
275315	1
275331	0
275341	1
275356	0
275367	1
275383	0
275394	1
275409	0
275420	1
275435	0
275446	1
275461	0
275472	1
275487	0
275499	1
275514	0
275525	1
275540	0
275551	1
275566	0
275577	1
275593	0
275603	1
275619	0
275629	1
275645	0
275655	1
275672	0
275682	1
275698	0
275708	1
275724	0
276154	1
276169	0
276180	1
276195	0
276206	1
276221	0
276233	1
276248	0
276259	1
276274	0
276284	1
276300	0
276310	1
276328	0
276338	1
276353	0
276363	1
276379	0
276389	1
276405	0
276415	1
276432	0
276442	1
276458	0
276468	1
276484	0
276494	1
276510	0
276520	1
276536	0
276547	1
276562	0
276993	1
277008	0
277019	1
277034	0
277045	1
277060	0
277071	1
277086	0
277103	1
277112	0
277123	1
277139	0
277150	1
277165	0
277176	1
277191	0
277203	1
277217	0
277227	1
277244	0
277254	1
277270	0
277280	1
277296	0
277306	1
277323	0
277332	1
277349	0
277359	1
277375	0
277385	1
277401	0
277831	1
277855	0
277858	1
277899	0
277910	1
277925	0
277935	1
277953	0
277962	1
277978	0
277988	1
278003	0
278014	1
278029	0
278041	1
278056	0
278067	1
278082	0
278093	1
278108	0
278120	1
278135	0
278145	1
278161	0
278171	1
278187	0
278197	1
278214	0
278224	1
278240	0
278670	1
278685	0
278696	1
278711	0
278722	1
278737	0
278748	1
278764	0
278775	1
278790	0
278800	1
278816	0
278826	1
278843	0
278853	1
278869	0
278879	1
278895	0
278905	1
278921	0
278931	1
278948	0
278958	1
278973	0
278984	1
278999	0
279010	1
279025	0
279037	1
279052	0
279062	1
279080	0
279508	1
279523	0
279535	1
279550	0
279561	1
279576	0
279587	1
279602	0
279613	1
279628	0
279640	1
279655	0
279666	1
279681	0
279691	1
279707	0
279718	1
279733	0
279743	1
279760	0
279770	1
279786	0
279797	1
279812	0
279823	1
279839	0
279848	1
279865	0
279875	1
279890	0
279901	1
279917	0
280347	1
280362	0
280373	1
280388	0
280400	1
280415	0
280426	1
280441	0
280453	1
280467	0
280478	1
280493	0
280504	1
280519	0
280530	1
280546	0
280556	1
280572	0
280582	1
280599	0
280609	1
280625	0
280635	1
280650	0
280661	1
280676	0
280688	1
280704	0
280714	1
280729	0
280740	1
280755	0
282024	1
282040	0
282050	1
282066	0
282076	1
282092	0
282102	1
282119	0
282129	1
282145	0
282155	1
282170	0
282181	1
282196	0
282207	1
282223	0
282234	1
282249	0
282260	1
282275	0
282286	1
282301	0
282313	1
282329	0
282339	1
282354	0
282365	1
282380	0
282391	1
282413	0
282417	1
282433	0
282863	1
282878	0
282889	1
282904	0
282915	1
282930	0
282942	1
282957	0
282968	1
282983	0
282994	1
283009	0
283019	1
283036	0
283046	1
283062	0
283072	1
283088	0
283098	1
283114	0
283125	1
283141	0
283151	1
283167	0
283177	1
283193	0
283204	1
283219	0
283229	1
283246	0
283256	1
283272	0
283701	1
283717	0
283731	1
283743	0
283754	1
283770	0
283779	1
283796	0
283806	1
283821	0
283832	1
283848	0
283859	1
283874	0
283884	1
283900	0
283910	1
283927	0
283937	1
283954	0
283963	1
283979	0
283989	1
284005	0
284016	1
284032	0
284042	1
284058	0
284068	1
284084	0
284094	1
284109	0
284540	1
284555	0
284566	1
284581	0
284593	1
284608	0
284619	1
284634	0
284645	1
284660	0
284671	1
284686	0
284697	1
284713	0
284724	1
284739	0
284750	1
284765	0
284775	1
284791	0
284801	1
284818	0
284829	1
284844	0
284854	1
284870	0
284880	1
284896	0
284906	1
284923	0
284933	1
284949	0
285379	1
285394	0
285404	1
285420	0
285430	1
285447	0
285458	1
285473	0
285483	1
285499	0
285509	1
285525	0
285535	1
285552	0
285562	1
285579	0
285588	1
285604	0
285614	1
285630	0
285640	1
285657	0
285667	1
285683	0
285693	1
285709	0
285719	1
285735	0
285745	1
285762	0
285772	1
285793	0
286218	1
286233	0
286244	1
286259	0
286270	1
286285	0
286295	1
286311	0
286321	1
286338	0
286348	1
286366	0
286374	1
286391	0
286400	1
286416	0
286427	1
286442	0
286454	1
286469	0
286480	1
286495	0
286506	1
286521	0
286532	1
286547	0
286557	1
286573	0
286585	1
286600	0
286610	1
286626	0
287056	1
287071	0
287081	1
287098	0
287112	1
287123	0
287135	1
287150	0
287161	1
287176	0
287187	1
287202	0
287213	1
287228	0
287240	1
287255	0
287266	1
287281	0
287292	1
287307	0
287318	1
287333	0
287344	1
287360	0
287371	1
287386	0
287397	1
287412	0
287422	1
287438	0
287448	1
287465	0
287894	1
287910	0
287921	1
287936	0
287946	1
287963	0
287973	1
287989	0
287999	1
288015	0
288025	1
288041	0
288052	1
288068	0
288078	1
288093	0
288104	1
288119	0
288131	1
288146	0
288157	1
288172	0
288183	1
288198	0
288209	1
288224	0
288236	1
288251	0
288262	1
288277	0
288287	1
288303	0
288732	1
288749	0
288759	1
288775	0
288785	1
288801	0
288811	1
288828	0
288838	1
288854	0
288864	1
288880	0
288890	1
288906	0
288917	1
288932	0
288943	1
288958	0
288969	1
288984	0
288995	1
289010	0
289022	1
289043	0
289048	1
289063	0
289074	1
289089	0
289100	1
289116	0
289127	1
289142	0
289572	1
289588	0
289598	1
289614	0
289624	1
289640	0
289650	1
289665	0
289677	1
289692	0
289703	1
289719	0
289729	1
289744	0
289755	1
289770	0
289789	1
289797	0
289808	1
289823	0
289834	1
289850	0
289860	1
289876	0
289886	1
289902	0
289912	1
289928	0
289938	1
289957	0
289965	1
289980	0
290411	1
290426	0
290436	1
290453	0
290463	1
290478	0
290490	1
290505	0
290515	1
290530	0
290542	1
290557	0
290567	1
290583	0
290594	1
290609	0
290620	1
290635	0
290647	1
290662	0
290673	1
290688	0
290698	1
290715	0
290725	1
290740	0
290750	1
290767	0
290777	1
290792	0
290804	1
290819	0
291249	1
291264	0
291276	1
291291	0
291301	1
291318	0
291328	1
291343	0
291353	1
291369	0
291381	1
291396	0
291406	1
291422	0
291432	1
291448	0
291459	1
291475	0
291485	1
291501	0
291511	1
291526	0
291537	1
291552	0
291564	1
291580	0
291589	1
291605	0
291616	1
291631	0
291642	1
291658	0
292087	1
292103	0
292113	1
292130	0
292140	1
292156	0
292166	1
292182	0
292192	1
292208	0
292218	1
292235	0
292245	1
292260	0
292271	1
292286	0
292297	1
292312	0
292324	1
292339	0
292350	1
292365	0
292376	1
292391	0
292402	1
292417	0
292429	1
292444	0
292456	1
292470	0
292480	1
292497	0
292926	1
292942	0
292952	1
292968	0
292978	1
292994	0
293011	1
293020	0
293032	1
293047	0
293057	1
293073	0
293083	1
293099	0
293109	1
293126	0
293136	1
293152	0
293162	1
293178	0
293188	1
293203	0
293214	1
293229	0
293241	1
293256	0
293267	1
293282	0
293293	1
293308	0
293320	1
293334	0
293765	1
293781	0
293791	1
293807	0
293817	1
293833	0
293843	1
293858	0
293870	1
293885	0
293896	1
293911	0
293922	1
293937	0
293949	1
293963	0
293975	1
293990	0
294001	1
294016	0
294027	1
294042	0
294054	1
294069	0
294081	1
294095	0
294106	1
294121	0
294131	1
294147	0
294157	1
294174	0
294603	1
294618	0
294630	1
294645	0
294656	1
294671	0
294682	1
294697	0
294708	1
294723	0
294735	1
294750	0
294761	1
294776	0
294787	1
294802	0
294814	1
294829	0
294840	1
294855	0
294866	1
294881	0
294892	1
294907	0
294917	1
294934	0
294944	1
294960	0
294971	1
294986	0
294996	1
295012	0
295442	1
295457	0
295468	1
295484	0
295495	1
295510	0
295521	1
295536	0
295547	1
295562	0
295574	1
295588	0
295600	1
295615	0
295628	1
295641	0
295652	1
295667	0
295678	1
295693	0
295705	1
295719	0
295731	1
295746	0
295757	1
295772	0
295783	1
295798	0
295809	1
295824	0
295835	1
295851	0
296280	1
296297	0
296307	1
296323	0
296333	1
296349	0
296366	1
296375	0
296385	1
296401	0
296411	1
296428	0
296438	1
296454	0
296464	1
296480	0
296490	1
296506	0
296516	1
296533	0
296543	1
296559	0
296569	1
296585	0
296595	1
296610	0
296621	1
296636	0
296648	1
296663	0
296674	1
296689	0
297119	1
297135	0
297145	1
297162	0
297172	1
297187	0
297198	1
297214	0
297224	1
297240	0
297250	1
297265	0
297277	1
297292	0
297303	1
297318	0
297330	1
297344	0
297355	1
297370	0
297382	1
297397	0
297408	1
297423	0
297434	1
297449	0
297460	1
297475	0
297487	1
297502	0
297513	1
297528	0
297959	1
297973	0
297984	1
297999	0
298011	1
298026	0
298037	1
298052	0
298063	1
298078	0
298088	1
298105	0
298115	1
298131	0
298141	1
298157	0
298167	1
298184	0
298194	1
298210	0
298220	1
298236	0
298246	1
298261	0
298273	1
298298	0
298299	1
298314	0
298325	1
298340	0
298351	1
298367	0
298796	1
298813	0
298823	1
298839	0
298849	1
298865	0
298875	1
298891	0
298901	1
298918	0
298928	1
298943	0
298954	1
298969	0
298980	1
298995	0
299006	1
299022	0
299033	1
299048	0
299059	1
299074	0
299085	1
299100	0
299112	1
299127	0
299137	1
299153	0
299163	1
299179	0
299189	1
299207	0
299635	1
299650	0
299661	1
299677	0
299688	1
299703	0
299714	1
299730	0
299740	1
299755	0
299766	1
299781	0
299793	1
299808	0
299819	1
299834	0
299845	1
299860	0
299872	1
299887	0
299898	1
299913	0
299923	1
299939	0
299949	1
299965	0
299976	1
299992	0
300002	1
300018	0
300028	1
300044	0
301313	1
301328	0
301339	1
301354	0
301365	1
301380	0
301391	1
301406	0
301418	1
301433	0
301444	1
301459	0
301470	1
301485	0
301497	1
301512	0
301522	1
301538	0
301548	1
301564	0
301574	1
301590	0
301600	1
301617	0
301627	1
301643	0
301653	1
301671	0
301680	1
301695	0
301707	1
301721	0
302151	1
302166	0
302177	1
302192	0
302204	1
302220	0
302230	1
302245	0
302256	1
302272	0
302283	1
302298	0
302309	1
302323	0
302334	1
302350	0
302361	1
302377	0
302387	1
302402	0
302413	1
302428	0
302440	1
302455	0
302466	1
302481	0
302492	1
302507	0
302518	1
302533	0
302545	1
302560	0
303828	1
303845	0
303855	1
303870	0
303881	1
303896	0
303907	1
303922	0
303934	1
303949	0
303960	1
303975	0
303986	1
304001	0
304012	1
304027	0
304038	1
304054	0
304065	1
304080	0
304091	1
304106	0
304116	1
304132	0
304142	1
304159	0
304169	1
304185	0
304195	1
304211	0
304221	1
304237	0
305506	1
305521	0
305531	1
305548	0
305558	1
305574	0
305585	1
305600	0
305610	1
305627	0
305636	1
305653	0
305663	1
305679	0
305689	1
305706	0
305715	1
305731	0
305741	1
305758	0
305768	1
305784	0
305794	1
305809	0
305820	1
305835	0
305846	1
305862	0
305872	1
305888	0
305898	1
305915	0
307182	1
307199	0
307209	1
307225	0
307235	1
307251	0
307261	1
307278	0
307288	1
307304	0
307314	1
307329	0
307340	1
307356	0
307366	1
307381	0
307393	1
307408	0
307419	1
307434	0
307445	1
307460	0
307471	1
307486	0
307498	1
307520	0
307524	1
307540	0
307549	1
307566	0
307577	1
307591	0
308860	1
308876	0
308887	1
308902	0
308913	1
308928	0
308938	1
308955	0
308965	1
308980	0
308991	1
309007	0
309017	1
309033	0
309043	1
309060	0
309070	1
309086	0
309096	1
309112	0
309122	1
309138	0
309148	1
309165	0
309175	1
309190	0
309201	1
309217	0
309227	1
309243	0
309253	1
309268	0
310538	1
310553	0
310564	1
310579	0
310590	1
310605	0
310616	1
310631	0
310643	1
310658	0
310669	1
310684	0
310695	1
310710	0
310721	1
310736	0
310748	1
310763	0
310773	1
310789	0
310799	1
310815	0
310825	1
310841	0
310851	1
310868	0
310878	1
310894	0
310904	1
310920	0
310930	1
310947	0
