[µs]	Sample
0	0
77	1
94	0
104	1
120	0
130	1
146	0
156	1
173	0
183	1
199	0
209	1
225	0
235	1
251	0
262	1
278	0
288	1
330	0
340	1
356	0
367	1
382	0
392	1
409	0
419	1
434	0
444	1
461	0
471	1
487	0
497	1
513	0
523	1
540	0
550	1
566	0
576	1
592	0
602	1
618	0
628	1
645	0
655	1
671	0
681	1
696	0
707	1
722	0
734	1
749	0
760	1
775	0
786	1
801	0
812	1
827	0
839	1
854	0
864	1
880	0
890	1
906	0
916	1
933	0
943	1
959	0
969	1
985	0
995	1
1011	0
1022	1
1038	0
1048	1
1070	0
1074	1
1090	0
1100	1
1116	0
1126	1
1141	0
1153	1
1168	0
1179	1
1194	0
1205	1
1220	0
1232	1
1247	0
1258	1
1273	0
1283	1
1299	0
1309	1
1326	0
1336	1
1352	0
1362	1
1378	0
1388	1
1404	0
1414	1
1431	0
1441	1
1457	0
1467	1
1483	0
1493	1
1508	0
1520	1
1535	0
1546	1
1561	0
1572	1
1587	0
1599	1
1614	0
1625	1
1640	0
1651	1
1666	0
1677	1
1692	0
1704	1
1719	0
1729	1
1745	0
1755	1
1771	0
1781	1
1797	0
1807	1
1824	0
1834	1
1850	0
1860	1
1876	0
1886	1
1903	0
1913	1
1928	0
1939	1
1954	0
1965	1
1980	0
1992	1
2007	0
2018	1
2033	0
2044	1
2059	0
2070	1
2085	0
2095	1
2112	0
2122	1
2138	0
2148	1
2164	0
2174	1
2191	0
2201	1
2217	0
2227	1
2243	0
2253	1
2268	0
2280	1
2295	0
2306	1
2321	0
2332	1
2347	0
2358	1
2374	0
2385	1
2400	0
2410	1
2427	0
2437	1
2453	0
2463	1
2479	0
2489	1
2504	0
2515	1
2531	0
2542	1
2557	0
2568	1
2583	0
2594	1
2609	0
2621	1
2636	0
2647	1
2662	0
2672	1
2688	0
2698	1
2715	0
2725	1
2741	0
2751	1
2767	0
2777	1
2793	0
2803	1
2820	0
2830	1
2846	0
2856	1
2871	0
2882	1
2897	0
2909	1
2924	0
2934	1
2951	0
2962	1
2976	0
2987	1
3002	0
3013	1
3029	0
3040	1
3056	0
3066	1
3082	0
3092	1
3108	0
3118	1
3134	0
3144	1
3159	0
3171	1
3186	0
3197	1
3212	0
3223	1
3238	0
3250	1
3265	0
3276	1
3291	0
3302	1
3317	0
3327	1
3343	0
5031	1
5048	0
5058	1
5073	0
5084	1
5099	0
5110	1
5125	0
5137	1
5152	0
5163	1
5178	0
5189	1
5204	0
5214	1
5230	0
5240	1
5257	0
5267	1
5283	0
5293	1
5309	0
5319	1
5336	0
5346	1
5362	0
5372	1
5388	0
5398	1
5413	0
5425	1
5440	0
6709	1
6724	0
6734	1
6751	0
6761	1
6777	0
6787	1
6803	0
6813	1
6849	0
6851	1
6855	0
6866	1
6882	0
6893	1
6908	0
6919	1
6933	0
6944	1
6961	0
6971	1
6987	0
6997	1
7013	0
7023	1
7038	0
7049	1
7064	0
7076	1
7091	0
7102	1
7117	0
8386	1
8402	0
8412	1
8428	0
8438	1
8454	0
8464	1
8481	0
8491	1
8507	0
8517	1
8532	0
8543	1
8559	0
8569	1
8584	0
8596	1
8612	0
8622	1
8638	0
8648	1
8663	0
8674	1
8689	0
8701	1
8716	0
8727	1
8742	0
8753	1
8768	0
8778	1
8795	0
9225	1
9240	0
9251	1
9266	0
9277	1
9293	0
9303	1
9319	0
9329	1
9346	0
9356	1
9371	0
9382	1
9397	0
9409	1
9424	0
9434	1
9450	0
9460	1
9477	0
9487	1
9502	0
9513	1
9535	0
9539	1
9554	0
9565	1
9581	0
9591	1
9607	0
9618	1
9633	0
10064	1
10079	0
10090	1
10105	0
10116	1
10131	0
10142	1
10157	0
10167	1
10184	0
10194	1
10210	0
10220	1
10236	0
10246	1
10263	0
10276	1
10289	0
10299	1
10314	0
10326	1
10341	0
10352	1
10367	0
10377	1
10393	0
10403	1
10420	0
10430	1
10446	0
10456	1
10472	0
10902	1
10917	0
10929	1
10944	0
10954	1
10970	0
10980	1
10996	0
11006	1
11023	0
11033	1
11049	0
11059	1
11075	0
11085	1
11101	0
11111	1
11128	0
11138	1
11153	0
11164	1
11179	0
11190	1
11205	0
11217	1
11232	0
11243	1
11258	0
11269	1
11284	0
11294	1
11311	0
12579	1
12595	0
12606	1
12621	0
12631	1
12647	0
12657	1
12674	0
12684	1
12700	0
12710	1
12726	0
12736	1
12752	0
12762	1
12779	0
12789	1
12804	0
12815	1
12830	0
12841	1
12856	0
12872	1
12883	0
12893	1
12910	0
12920	1
12936	0
12946	1
12961	0
12972	1
12987	0
13418	1
13438	0
13443	1
13460	0
13471	1
13485	0
13496	1
13512	0
13522	1
13538	0
13549	1
13564	0
13575	1
13590	0
13602	1
13617	0
13628	1
13643	0
13654	1
13669	0
13679	1
13696	0
13706	1
13722	0
13732	1
13748	0
13758	1
13774	0
13784	1
13801	0
13811	1
13827	0
14257	1
14272	0
14282	1
14298	0
14308	1
14325	0
14335	1
14351	0
14361	1
14377	0
14387	1
14403	0
14413	1
14430	0
14440	1
14456	0
14466	1
14482	0
14492	1
14507	0
14519	1
14534	0
14545	1
14560	0
14571	1
14586	0
14598	1
14613	0
14624	1
14639	0
14649	1
14665	0
15934	1
15949	0
15960	1
15975	0
15986	1
16001	0
16013	1
16028	0
16039	1
16054	0
16064	1
16090	0
16091	1
16106	0
16117	1
16132	0
16144	1
16159	0
16170	1
16185	0
16195	1
16211	0
16221	1
16238	0
16248	1
16264	0
16274	1
16290	0
16300	1
16317	0
16327	1
16343	0
17611	1
17627	0
17637	1
17653	0
17663	1
17678	0
17690	1
17705	0
17716	1
17731	0
17742	1
17757	0
17769	1
17784	0
17795	1
17862	0
17873	1
17889	0
17899	1
17915	0
17925	1
17941	0
17951	1
17968	0
17978	1
17994	0
18004	1
18020	0
18449	1
18465	0
18475	1
18492	0
18502	1
18518	0
18528	1
18544	0
18554	1
18570	0
18580	1
18597	0
18607	1
18623	0
18633	1
18648	0
18659	1
18674	0
18686	1
18701	0
18712	1
18727	0
18738	1
18754	0
18765	1
18779	0
18790	1
18807	0
18816	1
18832	0
18843	1
18858	0
20127	1
20142	0
20154	1
20169	0
20179	1
20195	0
20205	1
20221	0
20231	1
20248	0
20258	1
20274	0
20284	1
20300	0
20310	1
20325	0
20337	1
20352	0
20363	1
20378	0
20389	1
20404	0
20416	1
20431	0
20442	1
20457	0
20467	1
20483	0
20493	1
20509	0
20520	1
20536	0
20965	1
20981	0
20991	1
21008	0
21018	1
21034	0
21044	1
21060	0
21070	1
21087	0
21097	1
21112	0
21123	1
21138	0
21149	1
21164	0
21175	1
21190	0
21202	1
21217	0
21228	1
21243	0
21254	1
21269	0
21279	1
21296	0
21306	1
21322	0
21332	1
21348	0
21362	1
21374	0
21815	1
21820	0
21830	1
21846	0
21856	1
21873	0
21883	1
21899	0
21909	1
21924	0
21935	1
21950	0
21962	1
21977	0
21988	1
22003	0
22014	1
22029	0
22040	1
22055	0
22067	1
22082	0
22092	1
22108	0
22118	1
22143	0
22146	1
22160	0
22171	1
22187	0
22197	1
22213	0
23482	1
23497	0
23507	1
23523	0
23533	1
23550	0
23560	1
23576	0
23586	1
23602	0
23612	1
23629	0
23639	1
23655	0
23665	1
23685	0
23691	1
23707	0
23718	1
23733	0
23744	1
23759	0
23769	1
23785	0
23796	1
23814	0
23823	1
23838	0
23848	1
23864	0
23874	1
23890	0
25159	1
25174	0
25185	1
25201	0
25211	1
25227	0
25237	1
25254	0
25264	1
25279	0
25290	1
25305	0
25315	1
25332	0
25342	1
25358	0
25368	1
25385	0
25421	1
25436	0
25447	1
25462	0
25473	1
25488	0
25500	1
25515	0
25526	1
25541	0
25552	1
25567	0
25997	1
26013	0
26023	1
26039	0
26050	1
26066	0
26076	1
26092	0
26102	1
26118	0
26128	1
26145	0
26155	1
26170	0
26180	1
26196	0
26206	1
26223	0
26233	1
26249	0
26259	1
26275	0
26285	1
26302	0
26312	1
26328	0
26338	1
26354	0
26364	1
26379	0
26391	1
26406	0
27674	1
27691	0
27701	1
27717	0
27727	1
27743	0
27753	1
27770	0
27780	1
27795	0
27806	1
27848	0
27858	1
27874	0
27884	1
27900	0
27910	1
27927	0
27937	1
27952	0
27963	1
27978	0
27989	1
28004	0
28016	1
28031	0
28042	1
28057	0
28068	1
28084	0
29352	1
29367	0
29378	1
29393	0
29405	1
29420	0
29431	1
29446	0
29457	1
29472	0
29482	1
29499	0
29509	1
29525	0
29535	1
29551	0
29561	1
29578	0
29588	1
29604	0
29614	1
29630	0
29640	1
29656	0
29666	1
29681	0
29693	1
29708	0
29719	1
29734	0
29745	1
29760	0
30191	1
30207	0
30217	1
30232	0
30243	1
30258	0
30269	1
30284	0
30296	1
30311	0
30322	1
30337	0
30348	1
30363	0
30373	1
30390	0
30400	1
30416	0
30426	1
30442	0
30452	1
30469	0
30479	1
30495	0
30505	1
30521	0
30531	1
30546	0
30558	1
30573	0
30584	1
30599	0
31029	1
31045	0
31055	1
31072	0
31082	1
31098	0
31108	1
31123	0
31134	1
31149	0
31160	1
31175	0
31187	1
31202	0
31213	1
31228	0
31239	1
31254	0
31266	1
31281	0
31291	1
31307	0
31317	1
31333	0
31343	1
31360	0
31370	1
31389	0
31397	1
31412	0
31422	1
31438	0
32706	1
32728	0
32733	1
32748	0
32759	1
32774	0
32785	1
32800	0
32812	1
32827	0
32838	1
32853	0
32864	1
32879	0
32891	1
32906	0
32916	1
32932	0
32942	1
32958	0
32968	1
32984	0
32994	1
33011	0
33021	1
33037	0
33047	1
33063	0
33073	1
33090	0
33100	1
33115	0
33545	1
33561	0
33571	1
33587	0
33597	1
33613	0
33623	1
33640	0
33650	1
33666	0
33676	1
33692	0
33702	1
33717	0
33729	1
33744	0
33755	1
33770	0
33781	1
33796	0
33808	1
33823	0
33834	1
33849	0
33860	1
33875	0
33885	1
33901	0
33911	1
33928	0
33938	1
33954	0
34383	1
34400	0
34410	1
34426	0
34436	1
34452	0
34462	1
34479	0
34489	1
34504	0
34515	1
34530	0
34541	1
34556	0
34568	1
34583	0
34619	1
34635	0
34646	1
34661	0
34672	1
34688	0
34698	1
34714	0
34725	1
34740	0
34751	1
34766	0
34777	1
34792	0
36061	1
36077	0
36087	1
36103	0
36113	1
36130	0
36140	1
36156	0
36166	1
36181	0
36192	1
36207	0
36218	1
36234	0
36245	1
36260	0
36271	1
36286	0
36297	1
36312	0
36324	1
36339	0
36349	1
36365	0
36375	1
36391	0
36401	1
36418	0
36428	1
36444	0
36454	1
36470	0
36900	1
36915	0
36926	1
36941	0
36952	1
36968	0
36979	1
36994	0
37005	1
37020	0
37030	1
37046	0
37056	1
37073	0
37083	1
37099	0
37109	1
37125	0
37135	1
37152	0
37162	1
37178	0
37188	1
37203	0
37214	1
37233	0
37241	1
37256	0
37266	1
37282	0
37292	1
37309	0
37738	1
37754	0
37764	1
37781	0
37791	1
37807	0
37844	1
37859	0
37869	1
37886	0
37896	1
37911	0
37922	1
37937	0
37948	1
37963	0
37974	1
38000	0
38001	1
38016	0
38027	1
38042	0
38053	1
38068	0
38079	1
38094	0
38106	1
38121	0
38131	1
38147	0
38577	1
38593	0
38603	1
38619	0
38629	1
38645	0
38655	1
38672	0
38682	1
38697	0
38708	1
38723	0
38734	1
38749	0
38761	1
38776	0
38787	1
38802	0
38813	1
38828	0
38840	1
38855	0
38865	1
38881	0
38891	1
38907	0
38917	1
38934	0
38944	1
38960	0
38970	1
38986	0
39415	1
39431	0
39441	1
39458	0
39468	1
39484	0
39494	1
39510	0
39520	1
39537	0
39547	1
39562	0
39573	1
39588	0
39599	1
39614	0
39626	1
39641	0
39652	1
39667	0
39692	1
39694	0
39704	1
39720	0
39730	1
39745	0
39757	1
39772	0
39783	1
39798	0
39815	1
39824	0
40254	1
40270	0
40280	1
40296	0
40306	1
40323	0
40333	1
40349	0
40359	1
40374	0
40385	1
40400	0
40412	1
40427	0
40438	1
40453	0
40464	1
40479	0
40491	1
40506	0
40517	1
40532	0
40542	1
40558	0
40568	1
40585	0
40595	1
40611	0
40621	1
40637	0
40647	1
40663	0
41093	1
41109	0
41119	1
41135	0
41145	1
41161	0
41171	1
41188	0
41205	1
41213	0
41224	1
41240	0
41250	1
41266	0
41277	1
41292	0
41302	1
41318	0
41328	1
41345	0
41355	1
41371	0
41381	1
41396	0
41407	1
41422	0
41434	1
41449	0
41460	1
41475	0
41486	1
41501	0
41932	1
41948	0
41958	1
41974	0
41984	1
41999	0
42010	1
42025	0
42037	1
42052	0
42063	1
42078	0
42089	1
42104	0
42116	1
42131	0
42141	1
42157	0
42167	1
42183	0
42193	1
42209	0
42219	1
42236	0
42246	1
42262	0
42272	1
42288	0
42298	1
42315	0
42325	1
42340	0
42770	1
42786	0
42796	1
42812	0
42822	1
42838	0
42849	1
42865	0
42875	1
42891	0
42901	1
42917	0
42927	1
42942	0
42954	1
42969	0
42980	1
42995	0
43006	1
43021	0
43033	1
43048	0
43059	1
43074	0
43084	1
43100	0
43110	1
43127	0
43137	1
43153	0
43163	1
43179	0
43608	1
43625	0
43635	1
43651	0
43661	1
43677	0
43687	1
43704	0
43714	1
43730	0
43740	1
43755	0
43766	1
43781	0
43792	1
43825	0
43827	1
43835	0
43844	1
43860	0
43871	1
43886	0
43897	1
43913	0
43923	1
43939	0
43950	1
43965	0
43975	1
43991	0
44001	1
44018	0
44447	1
44464	0
44474	1
44489	0
44500	1
44515	0
44526	1
44541	0
44553	1
44568	0
44579	1
44595	0
44605	1
44621	0
44631	1
44647	0
44657	1
44672	0
44683	1
44699	0
44710	1
44725	0
44736	1
44751	0
44762	1
44777	0
44789	1
44804	0
44815	1
44830	0
44840	1
44856	0
45287	1
45302	0
45312	1
45328	0
45338	1
45354	0
45364	1
45381	0
45391	1
45407	0
45417	1
45433	0
45443	1
45460	0
45470	1
45486	0
45496	1
45511	0
45522	1
45537	0
45548	1
45563	0
45575	1
45590	0
45601	1
45616	0
45627	1
45642	0
45652	1
45669	0
45679	1
45695	0
46124	1
46141	0
46151	1
46167	0
46177	1
46193	0
46203	1
46220	0
46230	1
46246	0
46256	1
46271	0
46282	1
46297	0
46308	1
46323	0
46335	1
46350	0
46361	1
46376	0
46387	1
46402	0
46414	1
46432	0
46439	1
46454	0
46466	1
46481	0
46492	1
46507	0
46518	1
46533	0
46964	1
46979	0
46989	1
47005	0
47015	1
47032	0
47042	1
47058	0
47068	1
47084	0
47094	1
47110	0
47120	1
47137	0
47147	1
47162	0
47172	1
47189	0
47199	1
47215	0
47225	1
47241	0
47251	1
47268	0
47278	1
47294	0
47304	1
47320	0
47330	1
47345	0
47357	1
47372	0
47855	1
47870	0
47880	1
47896	0
47906	1
47923	0
47933	1
47949	0
47959	1
47975	0
47985	1
48002	0
48012	1
48028	0
48038	1
48054	0
48064	1
48079	0
48090	1
48105	0
48117	1
48132	0
48143	1
48158	0
48169	1
48184	0
48196	1
48211	0
48641	1
48656	0
48667	1
48682	0
48693	1
48708	0
48720	1
48735	0
48746	1
48761	0
48772	1
48787	0
48797	1
48814	0
48824	1
48840	0
48850	1
48866	0
48876	1
48893	0
48903	1
48919	0
48929	1
48944	0
48955	1
48970	0
48982	1
48997	0
49008	1
49023	0
49034	1
49049	0
49480	1
49495	0
49505	1
49521	0
49531	1
49548	0
49558	1
49574	0
49584	1
49600	0
49610	1
49626	0
49636	1
49653	0
49663	1
49678	0
49689	1
49704	0
49715	1
49730	0
49742	1
49757	0
49768	1
49783	0
49794	1
49809	0
49821	1
49836	0
49846	1
49862	0
49872	1
49889	0
50318	1
50333	0
50344	1
50360	0
50371	1
50386	0
50397	1
50413	0
50423	1
50438	0
50448	1
50465	0
50475	1
50491	0
50501	1
50517	0
50527	1
50544	0
50554	1
50570	0
50580	1
50596	0
50606	1
50622	0
50632	1
50647	0
50659	1
50674	0
50685	1
50700	0
50711	1
50726	0
51156	1
51172	0
51182	1
51199	0
51209	1
51225	0
51235	1
51251	0
51261	1
51278	0
51288	1
51304	0
51314	1
51329	0
51340	1
51355	0
51366	1
51382	0
51393	1
51408	0
51419	1
51434	0
51445	1
51460	0
51470	1
51487	0
51497	1
51513	0
51523	1
51539	0
51549	1
51566	0
51996	1
52011	0
52021	1
52037	0
52047	1
52063	0
52073	1
52090	0
52100	1
52116	0
52126	1
52142	0
52152	1
52169	0
52179	1
52195	0
52205	1
52220	0
52231	1
52246	0
52258	1
52273	0
52284	1
52299	0
52310	1
52325	0
52336	1
52351	0
52363	1
52378	0
52388	1
52404	0
52833	1
52850	0
52860	1
52876	0
52886	1
52902	0
52912	1
52929	0
52939	1
52955	0
52965	1
52980	0
53002	1
53007	0
53017	1
53033	0
53044	1
53059	0
53070	1
53085	0
53096	1
53111	0
53122	1
53137	0
53149	1
53164	0
53175	1
53190	0
53201	1
53216	0
53228	1
53243	0
53672	1
53689	0
53699	1
53715	0
53725	1
53741	0
53751	1
53767	0
53777	1
53793	0
53804	1
53819	0
53830	1
53845	0
53856	1
53871	0
53882	1
53897	0
53909	1
53924	0
53935	1
53950	0
53961	1
53976	0
53988	1
54003	0
54013	1
54029	0
54039	1
54055	0
54065	1
54082	0
54511	1
54527	0
54537	1
54553	0
54563	1
54580	0
54590	1
54606	0
54616	1
54631	0
54642	1
54657	0
54669	1
54684	0
54695	1
54710	0
54721	1
54736	0
54747	1
54762	0
54774	1
54789	0
54799	1
54815	0
54825	1
54841	0
54851	1
54868	0
54878	1
54894	0
54904	1
54920	0
55350	1
55365	0
55376	1
55391	0
55403	1
55418	0
55429	1
55444	0
55454	1
55470	0
55480	1
55497	0
55507	1
55523	0
55533	1
55549	0
55559	1
55575	0
55585	1
55608	0
55612	1
55627	0
55638	1
55654	0
55665	1
55707	0
55717	1
55733	0
55743	1
55759	0
56189	1
56204	0
56215	1
56230	0
56240	1
56257	0
56267	1
56283	0
56293	1
56309	0
56319	1
56336	0
56346	1
56362	0
56372	1
56391	0
56398	1
56413	0
56425	1
56440	0
56451	1
56466	0
56476	1
56492	0
56502	1
56519	0
56529	1
56545	0
56555	1
56571	0
56581	1
56598	0
57027	1
57043	0
57053	1
57069	0
57079	1
57096	0
57106	1
57122	0
57132	1
57147	0
57158	1
57173	0
57185	1
57200	0
57211	1
57226	0
57237	1
57252	0
57263	1
57278	0
57290	1
57305	0
57315	1
57331	0
57341	1
57357	0
57367	1
57384	0
57394	1
57410	0
57420	1
57436	0
57865	1
57882	0
57892	1
57907	0
57918	1
57934	0
57944	1
57960	0
57970	1
57987	0
57997	1
58012	0
58023	1
58038	0
58050	1
58065	0
58075	1
58091	0
58101	1
58118	0
58128	1
58143	0
58154	1
58169	0
58181	1
58196	0
58206	1
58222	0
58232	1
58249	0
58259	1
58274	0
59543	1
59558	0
59569	1
59584	0
59596	1
59616	0
59621	1
59637	0
59648	1
59663	0
59674	1
59690	0
59700	1
59716	0
59727	1
59742	0
59753	1
59768	0
59779	1
59794	0
59804	1
59821	0
59831	1
59847	0
59857	1
59873	0
59883	1
59900	0
59910	1
59926	0
59936	1
59952	0
60382	1
60397	0
60408	1
60423	0
60434	1
60449	0
60461	1
60476	0
60487	1
60502	0
60512	1
60528	0
60538	1
60555	0
60565	1
60581	0
60591	1
60607	0
60617	1
60633	0
60643	1
60660	0
60670	1
60686	0
60696	1
60712	0
60722	1
60737	0
60749	1
60764	0
60775	1
60790	0
61221	1
61236	0
61247	1
61262	0
61273	1
61288	0
61298	1
61315	0
61325	1
61341	0
61351	1
61367	0
61377	1
61393	0
61403	1
61420	0
61430	1
61446	0
61456	1
61471	0
61482	1
61497	0
61509	1
61524	0
61535	1
61550	0
61561	1
61576	0
61588	1
61603	0
61613	1
61629	0
62897	1
62914	0
62924	1
62940	0
62950	1
62965	0
62976	1
62992	0
63003	1
63018	0
63029	1
63044	0
63054	1
63071	0
63081	1
63097	0
63107	1
63123	0
63133	1
63149	0
63159	1
63176	0
63186	1
63202	0
63212	1
63228	0
63238	1
63253	0
63265	1
63280	0
63291	1
63306	0
63736	1
63752	0
63762	1
63778	0
63789	1
63830	0
63840	1
63857	0
63867	1
63883	0
63893	1
63909	0
63919	1
63936	0
63946	1
63962	0
63972	1
63988	0
63998	1
64013	0
64025	1
64040	0
64051	1
64066	0
64077	1
64092	0
64104	1
64119	0
64129	1
64145	0
64574	1
64591	0
64601	1
64617	0
64627	1
64643	0
64653	1
64670	0
64680	1
64696	0
64706	1
64722	0
64732	1
64747	0
64758	1
64773	0
64785	1
64800	0
64811	1
64826	0
64837	1
64852	0
64864	1
64886	0
64889	1
64905	0
64915	1
64932	0
64942	1
64958	0
64968	1
64984	0
65414	1
65429	0
65440	1
65455	0
65466	1
65481	0
65491	1
65508	0
65518	1
65534	0
65544	1
65560	0
65570	1
65587	0
65597	1
65619	0
65623	1
65639	0
65649	1
65665	0
65675	1
65691	0
65701	1
65718	0
65728	1
65744	0
65754	1
65770	0
65780	1
65795	0
65807	1
65822	0
66252	1
66267	0
66279	1
66294	0
66305	1
66320	0
66331	1
66346	0
66357	1
66373	0
66383	1
66399	0
66409	1
66425	0
66435	1
66451	0
66461	1
66478	0
66488	1
66504	0
66514	1
66530	0
66540	1
66557	0
66567	1
66582	0
66593	1
66608	0
66619	1
66634	0
66646	1
66661	0
67091	1
67106	0
67116	1
67133	0
67143	1
67159	0
67169	1
67185	0
67195	1
67212	0
67222	1
67238	0
67248	1
67264	0
67274	1
67290	0
67300	1
67315	0
67327	1
67342	0
67353	1
67368	0
67379	1
67394	0
67406	1
67421	0
67432	1
67447	0
67458	1
67473	0
67484	1
67499	0
67929	1
67945	0
67955	1
67972	0
67982	1
67998	0
68008	1
68024	0
68034	1
68050	0
68060	1
68075	0
68087	1
68102	0
68113	1
68128	0
68139	1
68154	0
68166	1
68181	0
68192	1
68207	0
68218	1
68233	0
68245	1
68259	0
68270	1
68286	0
68296	1
68312	0
68322	1
68339	0
68768	1
68783	0
68794	1
68813	0
68821	1
68836	0
68847	1
68862	0
68873	1
68888	0
68898	1
68915	0
68925	1
68941	0
68951	1
68967	0
68977	1
68994	0
69004	1
69020	0
69030	1
69046	0
69056	1
69071	0
69083	1
69098	0
69109	1
69124	0
69135	1
69150	0
69162	1
69177	0
69607	1
69622	0
69633	1
69648	0
69660	1
69675	0
69685	1
69701	0
69711	1
69727	0
69737	1
69754	0
69764	1
69780	0
69790	1
69806	0
69816	1
69832	0
69842	1
69859	0
69869	1
69884	0
69895	1
69910	0
69921	1
69936	0
69948	1
69963	0
69974	1
69989	0
70000	1
70015	0
70446	1
70461	0
70472	1
70487	0
70498	1
70513	0
70523	1
70540	0
70550	1
70566	0
70576	1
70592	0
70602	1
70619	0
70629	1
70645	0
70655	1
70671	0
70681	1
70696	0
70707	1
70723	0
70734	1
70749	0
70760	1
70775	0
70786	1
70801	0
70813	1
70828	0
70841	1
70854	0
71284	1
71299	0
71311	1
71326	0
71336	1
71352	0
71362	1
71378	0
71388	1
71430	0
71441	1
71456	0
71468	1
71483	0
71494	1
71509	0
71520	1
71535	0
71547	1
71562	0
71573	1
71588	0
71598	1
71614	0
71624	1
71640	0
71650	1
71667	0
72123	1
72138	0
72149	1
72164	0
72174	1
72191	0
72202	1
72217	0
72228	1
72243	0
72254	1
72269	0
72279	1
72296	0
72306	1
72322	0
72332	1
72347	0
72359	1
72374	0
72385	1
72400	0
72411	1
72427	0
72437	1
72452	0
72463	1
72479	0
72490	1
72505	0
72515	1
72532	0
72961	1
72977	0
72987	1
73003	0
73014	1
73029	0
73040	1
73055	0
73066	1
73081	0
73093	1
73108	0
73119	1
73134	0
73145	1
73160	0
73170	1
73187	0
73197	1
73213	0
73223	1
73239	0
73249	1
73265	0
73276	1
73292	0
73302	1
73318	0
73328	1
73343	0
73355	1
73370	0
73800	1
73815	0
73827	1
73842	0
73853	1
73868	0
73878	1
73894	0
73904	1
73920	0
73931	1
73947	0
73957	1
73973	0
73983	1
74000	0
74010	1
74026	0
74036	1
74051	0
74066	1
74078	0
74088	1
74104	0
74115	1
74130	0
74140	1
74157	0
74166	1
74182	0
74193	1
74208	0
75477	1
75493	0
75503	1
75518	0
75530	1
75545	0
75556	1
75571	0
75582	1
75597	0
75609	1
75624	0
75635	1
75650	0
75661	1
75676	0
75686	1
75703	0
75713	1
75729	0
75739	1
75755	0
75765	1
75781	0
75791	1
75808	0
75818	1
75834	0
75844	1
75860	0
75870	1
75885	0
77155	1
77170	0
77180	1
77196	0
77206	1
77223	0
77233	1
77249	0
77259	1
77275	0
77285	1
77302	0
77312	1
77328	0
77338	1
77353	0
77364	1
77379	0
77391	1
77432	0
77443	1
77458	0
77469	1
77484	0
77496	1
77511	0
77522	1
77537	0
77547	1
77563	0
77993	1
78015	0
78019	1
78035	0
78046	1
78061	0
78072	1
78087	0
78098	1
78114	0
78125	1
78140	0
78150	1
78166	0
78176	1
78192	0
78202	1
78219	0
78229	1
78245	0
78255	1
78271	0
78281	1
78298	0
78308	1
78323	0
78334	1
78349	0
78360	1
78375	0
78387	1
78402	0
78832	1
78847	0
78858	1
78873	0
78885	1
78900	0
78911	1
78926	0
78937	1
78952	0
78962	1
78978	0
78988	1
79005	0
79015	1
79031	0
79041	1
79057	0
79067	1
79084	0
79094	1
79110	0
79120	1
79136	0
79146	1
79161	0
79172	1
79188	0
79199	1
79214	0
79225	1
79240	0
79671	1
79712	0
79723	1
79738	0
79749	1
79764	0
79776	1
79791	0
79802	1
79821	0
79827	1
79844	0
79854	1
79870	0
79880	1
79896	0
79906	1
79921	0
79933	1
79948	0
79959	1
79974	0
79985	1
80000	0
80011	1
80027	0
80038	1
80053	0
80063	1
80079	0
80509	1
80524	0
80536	1
80551	0
80562	1
80577	0
80587	1
80603	0
80613	1
80630	0
80640	1
80683	0
80692	1
80708	0
80719	1
80734	0
80745	1
80760	0
80771	1
80786	0
80798	1
80813	0
80824	1
80839	0
80849	1
80865	0
80875	1
80892	0
80902	1
80918	0
81348	1
81364	0
81374	1
81389	0
81400	1
81416	0
81426	1
81443	0
81453	1
81468	0
81479	1
81494	0
81505	1
81520	0
81531	1
81546	0
81558	1
81573	0
81584	1
81599	0
81610	1
81625	0
81635	1
81652	0
81662	1
81678	0
81688	1
81704	0
81714	1
81731	0
81741	1
81757	0
82186	1
82202	0
82212	1
82228	0
82238	1
82255	0
82265	1
82281	0
82291	1
82307	0
82317	1
82333	0
82343	1
82360	0
82370	1
82385	0
82396	1
82411	0
82422	1
82437	0
82449	1
82464	0
82475	1
82490	0
82501	1
82516	0
82528	1
82543	0
82553	1
82569	0
82579	1
82595	0
83025	1
83041	0
83051	1
83067	0
83077	1
83092	0
83104	1
83119	0
83130	1
83145	0
83156	1
83171	0
83183	1
83198	0
83209	1
83224	0
83234	1
83250	0
83260	1
83284	0
83286	1
83303	0
83314	1
83329	0
83339	1
83355	0
83365	1
83382	0
83392	1
83408	0
83418	1
83434	0
83864	1
83879	0
83890	1
83905	0
83916	1
83931	0
83943	1
83958	0
83969	1
83984	0
83995	1
84010	0
84020	1
84037	0
84047	1
84063	0
84073	1
84089	0
84099	1
84114	0
84126	1
84141	0
84152	1
84167	0
84178	1
84193	0
84205	1
84220	0
84231	1
84246	0
84257	1
84272	0
85541	1
85556	0
85568	1
85583	0
85593	1
85609	0
85619	1
85635	0
85645	1
85662	0
85672	1
85688	0
85698	1
85714	0
85724	1
85741	0
85751	1
85766	0
85777	1
85792	0
85803	1
85818	0
85829	1
85844	0
85856	1
85871	0
85882	1
85897	0
85908	1
85924	0
85935	1
85950	0
86380	1
86395	0
86406	1
86421	0
86432	1
86447	0
86457	1
86474	0
86484	1
86500	0
86510	1
86526	0
86536	1
86553	0
86563	1
86579	0
86589	1
86605	0
86615	1
86631	0
86641	1
86658	0
86668	1
86684	0
86694	1
86710	0
86720	1
86735	0
86746	1
86761	0
86773	1
86788	0
87218	1
87233	0
87245	1
87260	0
87271	1
87286	0
87297	1
87312	0
87322	1
87339	0
87349	1
87365	0
87375	1
87391	0
87401	1
87418	0
87428	1
87444	0
87454	1
87470	0
87480	1
87496	0
87506	1
87522	0
87533	1
87548	0
87559	1
87574	0
87585	1
87600	0
87612	1
87627	0
88057	1
88073	0
88083	1
88098	0
88109	1
88125	0
88136	1
88151	0
88161	1
88177	0
88188	1
88204	0
88214	1
88229	0
88241	1
88256	0
88267	1
88282	0
88292	1
88309	0
88319	1
88335	0
88345	1
88360	0
88372	1
88387	0
88398	1
88413	0
88423	1
88440	0
88450	1
88466	0
88896	1
88911	0
88921	1
88937	0
88947	1
88964	0
88974	1
88990	0
89000	1
89016	0
89026	1
89042	0
89053	1
89069	0
89079	1
89094	0
89105	1
89120	0
89132	1
89147	0
89158	1
89173	0
89184	1
89199	0
89210	1
89225	0
89236	1
89252	0
89262	1
89278	0
89288	1
89304	0
89734	1
89750	0
89760	1
89776	0
89786	1
89802	0
89812	1
89829	0
89839	1
89855	0
89874	1
89881	0
89892	1
89907	0
89918	1
89934	0
89943	1
89960	0
89971	1
89985	0
89996	1
90011	0
90023	1
90038	0
90049	1
90064	0
90075	1
90090	0
90100	1
90117	0
90127	1
90143	0
90573	1
90588	0
90599	1
90614	0
90625	1
90641	0
90652	1
90667	0
90678	1
90693	0
90703	1
90719	0
90729	1
90746	0
90756	1
90772	0
90782	1
90798	0
90808	1
90825	0
90835	1
90851	0
90861	1
90876	0
90887	1
90902	0
90914	1
90929	0
90940	1
90955	0
90966	1
90981	0
91411	1
91428	0
91438	1
91453	0
91464	1
91479	0
91490	1
91505	0
91516	1
91531	0
91543	1
91558	0
91569	1
91584	0
91594	1
91610	0
91620	1
91637	0
91647	1
91663	0
91673	1
91689	0
91699	1
91716	0
91726	1
91742	0
91752	1
91768	0
91778	1
91793	0
91805	1
91820	0
92250	1
92265	0
92276	1
92291	0
92303	1
92318	0
92329	1
92344	0
92355	1
92370	0
92382	1
92397	0
92407	1
92423	0
92433	1
92449	0
92459	1
92476	0
92489	1
92501	0
92512	1
92528	0
92538	1
92554	0
92565	1
92580	0
92591	1
92606	0
92616	1
92633	0
92643	1
92659	0
93089	1
93105	0
93115	1
93130	0
93141	1
93156	0
93167	1
93183	0
93194	1
93209	0
93220	1
93235	0
93246	1
93261	0
93272	1
93287	0
93298	1
93314	0
93325	1
93340	0
93351	1
93366	0
93377	1
93392	0
93404	1
93419	0
93429	1
93445	0
93455	1
93471	0
93481	1
93498	0
93927	1
93943	0
93953	1
93969	0
93980	1
93995	0
94006	1
94021	0
94032	1
94047	0
94059	1
94074	0
94085	1
94100	0
94111	1
94126	0
94136	1
94153	0
94163	1
94179	0
94189	1
94205	0
94215	1
94232	0
94242	1
94258	0
94268	1
94284	0
94294	1
94309	0
94320	1
94335	0
94766	1
94781	0
94792	1
94807	0
94819	1
94834	0
94845	1
94860	0
94871	1
94886	0
94897	1
94913	0
94923	1
94939	0
94949	1
94965	0
94975	1
94991	0
95001	1
95018	0
95028	1
95044	0
95054	1
95070	0
95080	1
95100	0
95106	1
95122	0
95132	1
95149	0
95159	1
95175	0
95605	1
95620	0
95631	1
95646	0
95657	1
95672	0
95710	1
95725	0
95736	1
95751	0
95762	1
95777	0
95789	1
95804	0
95823	1
95830	0
95840	1
95855	0
95874	1
95882	0
95893	1
95909	0
95919	1
95935	0
95945	1
95961	0
95971	1
95987	0
95998	1
96013	0
96444	1
96459	0
96469	1
96486	0
96495	1
96511	0
96522	1
96538	0
96548	1
96564	0
96574	1
96589	0
96601	1
96616	0
96627	1
96642	0
96653	1
96668	0
96679	1
96694	0
96706	1
96721	0
96732	1
96747	0
96758	1
96773	0
96783	1
96800	0
96810	1
96826	0
96836	1
96852	0
97281	1
97298	0
97308	1
97324	0
97334	1
97350	0
97360	1
97377	0
97387	1
97402	0
97413	1
97428	0
97439	1
97454	0
97466	1
97481	0
97492	1
97507	0
97518	1
97533	0
97544	1
97559	0
97569	1
97586	0
97596	1
97612	0
97622	1
97638	0
97648	1
97665	0
97675	1
97691	0
98121	1
98136	0
98147	1
98162	0
98173	1
98188	0
98200	1
98215	0
98226	1
98241	0
98251	1
98267	0
98277	1
98294	0
98304	1
98320	0
98330	1
98346	0
98356	1
98372	0
98382	1
98399	0
98409	1
98424	0
98435	1
98450	0
98461	1
98476	0
98488	1
98503	0
98516	1
98530	0
98959	1
98974	0
98986	1
99001	0
99012	1
99027	0
99038	1
99053	0
99064	1
99105	0
99116	1
99131	0
99143	1
99158	0
99169	1
99184	0
99195	1
99210	0
99222	1
99237	0
99248	1
99263	0
99273	1
99289	0
99299	1
99316	0
99326	1
99342	0
99352	1
99368	0
99798	1
99813	0
99824	1
99840	0
99850	1
99865	0
99876	1
99892	0
99903	1
99918	0
99929	1
99944	0
99955	1
99971	0
99982	1
99997	0
100007	1
100023	0
100033	1
100049	0
100059	1
100076	0
100086	1
100102	0
100112	1
100128	0
100138	1
100155	0
100165	1
100181	0
100191	1
100206	0
100637	1
100652	0
100662	1
100678	0
100688	1
100705	0
100715	1
100731	0
100741	1
100757	0
100767	1
100784	0
100794	1
100810	0
100820	1
100836	0
100846	1
100861	0
100872	1
100887	0
100899	1
100914	0
100925	1
100940	0
100951	1
100966	0
100978	1
100993	0
101003	1
101019	0
101029	1
101045	0
101474	1
101491	0
101501	1
101517	0
101527	1
101543	0
101553	1
101570	0
101580	1
101596	0
101606	1
101622	0
101632	1
101648	0
101658	1
101674	0
101685	1
101701	0
101711	1
101727	0
101738	1
101753	0
101763	1
101780	0
101789	1
101805	0
101816	1
101832	0
101842	1
101858	0
101868	1
101883	0
102314	1
102329	0
102340	1
102355	0
102367	1
102382	0
102393	1
102408	0
102419	1
102436	0
102444	1
102460	0
102471	1
102486	0
102498	1
102513	0
102523	1
102539	0
102549	1
102565	0
102575	1
102592	0
102602	1
102618	0
102628	1
102644	0
102654	1
102670	0
102681	1
102696	0
102707	1
102722	0
103152	1
103168	0
103178	1
103194	0
103204	1
103221	0
103231	1
103247	0
103257	1
103273	0
103283	1
103298	0
103310	1
103325	0
103336	1
103351	0
103362	1
103377	0
103389	1
103404	0
103415	1
103430	0
103441	1
103456	0
103466	1
103482	0
103493	1
103509	0
103519	1
103535	0
103545	1
103561	0
103991	1
104006	0
104017	1
104032	0
104044	1
104059	0
104070	1
104085	0
104096	1
104111	0
104122	1
104137	0
104149	1
104164	0
104174	1
104190	0
104200	1
104216	0
104226	1
104243	0
104253	1
104269	0
104279	1
104295	0
104305	1
104322	0
104332	1
104350	0
104359	1
104373	0
104384	1
104399	0
104830	1
104845	0
104856	1
104871	0
104881	1
104898	0
104908	1
104924	0
104934	1
104950	0
104960	1
104977	0
104987	1
105003	0
105013	1
105029	0
105039	1
105055	0
105066	1
105087	0
105092	1
105107	0
105118	1
105133	0
105145	1
105160	0
105170	1
105186	0
105196	1
105212	0
105222	1
105239	0
105668	1
105684	0
105694	1
105711	0
105721	1
105737	0
105747	1
105763	0
105773	1
105788	0
105799	1
105814	0
105826	1
105841	0
105852	1
105867	0
105878	1
105893	0
105905	1
105920	0
105931	1
105946	0
105956	1
105972	0
105982	1
105999	0
106009	1
106025	0
106035	1
106051	0
106061	1
106078	0
106507	1
106522	0
106533	1
106548	0
106559	1
106575	0
106586	1
106601	0
106612	1
106627	0
106638	1
106653	0
106665	1
106680	0
106690	1
106706	0
106716	1
106732	0
106742	1
106759	0
106769	1
106785	0
106795	1
106811	0
106821	1
106838	0
106848	1
106863	0
106874	1
106889	0
106900	1
106915	0
107345	1
107361	0
107371	1
107388	0
107398	1
107414	0
107424	1
107440	0
107450	1
107467	0
107477	1
107492	0
107503	1
107518	0
107529	1
107544	0
107555	1
107570	0
107582	1
107597	0
107608	1
107623	0
107634	1
107649	0
107661	1
107676	0
107689	1
107701	0
107712	1
107728	0
107738	1
107754	0
108184	1
108200	0
108210	1
108227	0
108237	1
108252	0
108263	1
108304	0
108315	1
108331	0
108342	1
108357	0
108368	1
108383	0
108394	1
108409	0
108421	1
108436	0
108447	1
108462	0
108472	1
108488	0
108498	1
108514	0
108524	1
108541	0
108551	1
108567	0
108577	1
108593	0
109023	1
109044	0
109050	1
109065	0
109075	1
109091	0
109101	1
109117	0
109127	1
109143	0
109153	1
109170	0
109180	1
109196	0
109206	1
109222	0
109232	1
109249	0
109259	1
109274	0
109285	1
109300	0
109311	1
109326	0
109338	1
109353	0
109364	1
109379	0
109390	1
109405	0
109415	1
109432	0
109861	1
109878	0
109888	1
109904	0
109914	1
109929	0
109940	1
109955	0
109966	1
109982	0
109993	1
110008	0
110019	1
110034	0
110045	1
110060	0
110071	1
110087	0
110097	1
110113	0
110123	1
110139	0
110149	1
110166	0
110176	1
110192	0
110202	1
110218	0
110228	1
110245	0
110255	1
110270	0
110701	1
110716	0
110727	1
110742	0
110752	1
110768	0
110778	1
110795	0
110805	1
110821	0
110831	1
110847	0
110857	1
110873	0
110883	1
110900	0
110916	1
110925	0
110936	1
110952	0
110962	1
110978	0
110988	1
111005	0
111015	1
111030	0
111041	1
111056	0
111067	1
111082	0
111094	1
111109	0
111538	1
111555	0
111565	1
111581	0
111591	1
111607	0
111617	1
111633	0
111643	1
111660	0
111669	1
111711	0
111722	1
111737	0
111749	1
111764	0
111775	1
111790	0
111801	1
111823	0
111827	1
111842	0
111853	1
111869	0
111880	1
111895	0
111906	1
111921	0
111932	1
111947	0
112377	1
112393	0
112403	1
112420	0
112430	1
112446	0
112456	1
112472	0
112482	1
112497	0
112508	1
112524	0
112535	1
112550	0
112561	1
112576	0
112587	1
112602	0
112614	1
112629	0
112640	1
112655	0
112666	1
112681	0
112691	1
112708	0
112718	1
112734	0
112744	1
112760	0
112770	1
112786	0
113216	1
113231	0
113242	1
113257	0
113269	1
113284	0
113295	1
113310	0
113321	1
113336	0
113347	1
113363	0
113374	1
113389	0
113399	1
113415	0
113425	1
113441	0
113451	1
113468	0
113478	1
113494	0
113504	1
113520	0
113530	1
113547	0
113557	1
113573	0
113583	1
113599	0
113609	1
113625	0
114055	1
114070	0
114081	1
114096	0
114107	1
114122	0
114134	1
114149	0
114160	1
114175	0
114186	1
114201	0
114211	1
114228	0
114238	1
114254	0
114264	1
114280	0
114290	1
114306	0
114316	1
114333	0
114343	1
114359	0
114369	1
114385	0
114395	1
114412	0
114422	1
114437	0
114448	1
114463	0
114893	1
114909	0
114919	1
114935	0
114946	1
114961	0
114972	1
114987	0
114998	1
115013	0
115025	1
115040	0
115051	1
115066	0
115077	1
115092	0
115104	1
115119	0
115129	1
115145	0
115155	1
115171	0
115181	1
115197	0
115207	1
115224	0
115234	1
115250	0
115260	1
115276	0
115286	1
115303	0
115731	1
115748	0
115758	1
115774	0
115784	1
115800	0
115810	1
115827	0
115837	1
115853	0
115863	1
115878	0
115889	1
115904	0
115916	1
115931	0
115942	1
115957	0
115968	1
115983	0
115994	1
116010	0
116021	1
116036	0
116046	1
116062	0
116072	1
116088	0
116098	1
116115	0
116125	1
116141	0
117409	1
117425	0
117435	1
117451	0
117461	1
117484	0
117488	1
117504	0
117514	1
117530	0
117541	1
117556	0
117567	1
117583	0
117592	1
117609	0
117619	1
117635	0
117645	1
117661	0
117671	1
117686	0
117698	1
117713	0
117724	1
117739	0
117750	1
117765	0
117776	1
117791	0
117803	1
117835	0
118259	1
118263	0
118274	1
118289	0
118301	1
118316	0
118327	1
118342	0
118353	1
118368	0
118379	1
118394	0
118404	1
118421	0
118431	1
118447	0
118457	1
118473	0
118483	1
118500	0
118510	1
118526	0
118536	1
118552	0
118562	1
118579	0
118589	1
118604	0
118615	1
118630	0
118641	1
118656	0
119086	1
119102	0
119113	1
119128	0
119139	1
119154	0
119165	1
119180	0
119192	1
119207	0
119218	1
119233	0
119244	1
119259	0
119269	1
119286	0
119296	1
119312	0
119322	1
119338	0
119348	1
119365	0
119375	1
119391	0
119401	1
119417	0
119427	1
119443	0
119453	1
119468	0
119480	1
119495	0
119925	1
119941	0
119951	1
119968	0
119978	1
119993	0
120004	1
120019	0
120030	1
120045	0
120056	1
120072	0
120083	1
120098	0
120109	1
120124	0
120135	1
120150	0
120160	1
120177	0
120188	1
120203	0
120213	1
120230	0
120239	1
120255	0
120266	1
120281	0
120293	1
120308	0
120318	1
120334	0
120764	1
120780	0
120790	1
120806	0
120816	1
120831	0
120843	1
120858	0
120869	1
120884	0
120895	1
120913	0
120921	1
120937	0
120947	1
120963	0
120973	1
120990	0
121000	1
121015	0
121026	1
121041	0
121052	1
121067	0
121079	1
121094	0
121105	1
121120	0
121131	1
121146	0
121156	1
121173	0
121602	1
121619	0
121629	1
121645	0
121655	1
121670	0
121681	1
121696	0
121707	1
121722	0
121734	1
121749	0
121760	1
121775	0
121786	1
121801	0
121813	1
121828	0
121838	1
121854	0
121864	1
121880	0
121890	1
121907	0
121917	1
121933	0
121943	1
121959	0
121969	1
121986	0
121996	1
122011	0
122441	1
122457	0
122467	1
122483	0
122493	1
122509	0
122520	1
122536	0
122546	1
122562	0
122572	1
122587	0
122598	1
122613	0
122625	1
122640	0
122651	1
122666	0
122677	1
122692	0
122704	1
122719	0
122730	1
122745	0
122755	1
122779	0
122781	1
122798	0
122809	1
122824	0
122834	1
122849	0
123279	1
123296	0
123306	1
123322	0
123332	1
123348	0
123358	1
123375	0
123385	1
123400	0
123411	1
123426	0
123437	1
123452	0
123463	1
123479	0
123490	1
123505	0
123520	1
123532	0
123542	1
123557	0
123568	1
123583	0
123595	1
123610	0
123620	1
123636	0
123646	1
123662	0
123672	1
123689	0
124119	1
124134	0
124144	1
124161	0
124171	1
124187	0
124197	1
124213	0
124223	1
124238	0
124249	1
124264	0
124275	1
124291	0
124302	1
124317	0
124391	1
124396	0
124406	1
124422	0
124432	1
124448	0
124459	1
124475	0
124485	1
124501	0
124511	1
124527	0
124957	1
124973	0
124983	1
124998	0
125010	1
125025	0
125036	1
125051	0
125061	1
125078	0
125088	1
125104	0
125114	1
125129	0
125141	1
125156	0
125167	1
125182	0
125192	1
125209	0
125219	1
125234	0
125245	1
125261	0
125272	1
125287	0
125297	1
125314	0
125324	1
125340	0
125350	1
125365	0
126634	1
126649	0
126661	1
126676	0
126687	1
126702	0
126713	1
126728	0
126740	1
126755	0
126766	1
126781	0
126791	1
126815	0
126818	1
126833	0
126844	1
126859	0
126871	1
126886	0
126896	1
126912	0
126922	1
126938	0
126948	1
126965	0
126975	1
126991	0
127001	1
127017	0
127027	1
127044	0
127473	1
127488	0
127500	1
127515	0
127526	1
127547	0
127552	1
127567	0
127578	1
127593	0
127604	1
127620	0
127630	1
127646	0
127656	1
127672	0
127682	1
127706	0
127708	1
127725	0
127735	1
127751	0
127761	1
127777	0
127787	1
127804	0
127866	1
127881	0
128312	1
128327	0
128338	1
128353	0
128364	1
128379	0
128391	1
128406	0
128417	1
128432	0
128442	1
128458	0
128468	1
128485	0
128495	1
128511	0
128521	1
128537	0
128547	1
128563	0
128573	1
128590	0
128600	1
128616	0
128626	1
128641	0
128652	1
128667	0
128679	1
128694	0
128705	1
128720	0
129150	1
129166	0
129176	1
129192	0
129202	1
129219	0
129229	1
129245	0
129255	1
129271	0
129281	1
129297	0
129307	1
129322	0
129334	1
129349	0
129360	1
129375	0
129386	1
129401	0
129413	1
129428	0
129439	1
129454	0
129465	1
129480	0
129494	1
129507	0
129517	1
129533	0
129544	1
129559	0
129988	1
130005	0
130015	1
130031	0
130041	1
130057	0
130067	1
130084	0
130094	1
130109	0
130120	1
130135	0
130146	1
130161	0
130173	1
130188	0
130199	1
130214	0
130230	1
130241	0
130250	1
130267	0
130277	1
130293	0
130303	1
130319	0
130329	1
130346	0
130356	1
130372	0
130382	1
130398	0
130827	1
130844	0
130854	1
130869	0
130880	1
130895	0
130906	1
130922	0
130933	1
130948	0
130959	1
130974	0
130984	1
131000	0
131010	1
131027	0
131037	1
131053	0
131063	1
131079	0
131089	1
131106	0
131116	1
131132	0
131142	1
131157	0
131168	1
131183	0
131195	1
131210	0
131221	1
131236	0
131666	1
131682	0
131692	1
131708	0
131718	1
131735	0
131745	1
131761	0
131771	1
131787	0
131797	1
131812	0
131824	1
131839	0
131850	1
131865	0
131876	1
131891	0
131902	1
131917	0
131929	1
131944	0
131955	1
131970	0
131980	1
131996	0
132006	1
132023	0
132033	1
132049	0
132059	1
132075	0
132504	1
132521	0
132531	1
132547	0
132557	1
132573	0
132583	1
132599	0
132609	1
132626	0
132636	1
132651	0
132662	1
132677	0
132688	1
132703	0
132715	1
132730	0
132741	1
132756	0
132767	1
132782	0
132794	1
132809	0
132819	1
132842	0
132846	1
132861	0
132872	1
132887	0
132898	1
132913	0
133343	1
133359	0
133369	1
133386	0
133396	1
133411	0
133422	1
133437	0
133448	1
133464	0
133475	1
133490	0
133501	1
133516	0
133527	1
133542	0
133554	1
133569	0
133579	1
133595	0
133605	1
133621	0
133631	1
133648	0
133658	1
133674	0
133684	1
133700	0
133710	1
133726	0
133736	1
133753	0
134182	1
134197	0
134208	1
134223	0
134235	1
134250	0
134261	1
134276	0
134287	1
134302	0
134314	1
134329	0
134339	1
134355	0
134365	1
134381	0
134391	1
134408	0
134418	1
134434	0
134444	1
134460	0
134470	1
134486	0
134497	1
134513	0
134523	1
134538	0
134549	1
134564	0
134575	1
134590	0
135020	1
135037	0
135047	1
135063	0
135073	1
135089	0
135099	1
135114	0
135126	1
135141	0
135152	1
135167	0
135178	1
135193	0
135204	1
135219	0
135231	1
135246	0
135257	1
135272	0
135282	1
135298	0
135308	1
135325	0
135335	1
135351	0
135361	1
135377	0
135387	1
135404	0
135414	1
135430	0
136698	1
136713	0
136724	1
136739	0
136751	1
136766	0
136777	1
136792	0
136806	1
136819	0
136829	1
136845	0
136855	1
136871	0
136881	1
136898	0
136908	1
136924	0
136934	1
136949	0
136960	1
136975	0
136987	1
137002	0
137013	1
137028	0
137039	1
137054	0
137065	1
137080	0
137090	1
137107	0
137536	1
137552	0
137563	1
137579	0
137589	1
137605	0
137615	1
137631	0
137641	1
137656	0
137668	1
137683	0
137694	1
137709	0
137720	1
137735	0
137747	1
137762	0
137773	1
137788	0
137799	1
137841	0
137851	1
137867	0
137877	1
137893	0
137903	1
137919	0
137929	1
137946	0
139214	1
139229	0
139241	1
139256	0
139267	1
139282	0
139292	1
139308	0
139318	1
139334	0
139345	1
139361	0
139371	1
139387	0
139397	1
139413	0
139423	1
139440	0
139452	1
139466	0
139476	1
139492	0
139502	1
139517	0
139528	1
139544	0
139555	1
139570	0
139581	1
139596	0
139607	1
139622	0
140052	1
140068	0
140079	1
140094	0
140105	1
140121	0
140131	1
140147	0
140157	1
140173	0
140183	1
140200	0
140210	1
140226	0
140236	1
140252	0
140262	1
140278	0
140288	1
140304	0
140315	1
140330	0
140341	1
140356	0
140367	1
140382	0
140394	1
140409	0
140420	1
140435	0
140446	1
140461	0
141730	1
141745	0
141756	1
141771	0
141783	1
141798	0
141809	1
141824	0
141835	1
141850	0
141860	1
141876	0
141887	1
141903	0
141913	1
141929	0
141939	1
141955	0
141965	1
141982	0
141992	1
142008	0
142018	1
142034	0
142044	1
142063	0
142070	1
142086	0
142097	1
142112	0
142122	1
142139	0
143407	1
143422	0
143433	1
143449	0
143460	1
143475	0
143486	1
143501	0
143512	1
143527	0
143539	1
143554	0
143564	1
143580	0
143590	1
143606	0
143616	1
143633	0
143643	1
143659	0
143669	1
143712	0
143722	1
143738	0
143748	1
143763	0
143774	1
143789	0
143800	1
143828	0
145084	1
145100	0
145110	1
145127	0
145137	1
145153	0
145163	1
145178	0
145189	1
145204	0
145216	1
145231	0
145242	1
145257	0
145268	1
145310	0
145321	1
145336	0
145346	1
145362	0
145372	1
145388	0
145398	1
145415	0
145425	1
145441	0
145451	1
145467	0
145477	1
145494	0
146762	1
146778	0
146788	1
146803	0
146814	1
146829	0
146841	1
146856	0
146867	1
146882	0
146893	1
146908	0
146919	1
146934	0
146946	1
146961	0
146971	1
146987	0
146997	1
147013	0
147023	1
147040	0
147050	1
147066	0
147076	1
147092	0
147102	1
147119	0
147129	1
147144	0
147155	1
147170	0
158505	1
158521	0
158531	1
158547	0
158558	1
158573	0
158583	1
158600	0
158610	1
158626	0
158636	1
158651	0
158662	1
158677	0
158689	1
158704	0
158715	1
158730	0
158741	1
158756	0
158767	1
158783	0
158793	1
158809	0
158819	1
158835	0
158845	1
158861	0
158871	1
158888	0
158898	1
158914	0
158924	1
158940	0
158950	1
158966	0
158976	1
158992	0
159003	1
159018	0
159029	1
159045	0
159055	1
159071	0
159082	1
159098	0
159108	1
159123	0
159134	1
159149	0
159161	1
159176	0
159186	1
159211	0
159212	1
159228	0
159239	1
159254	0
159265	1
159280	0
159292	1
159307	0
159317	1
159333	0
159343	1
159359	0
159369	1
159386	0
159396	1
159412	0
159422	1
159438	0
159448	1
159464	0
159474	1
159491	0
159501	1
159516	0
159527	1
159542	0
159553	1
159568	0
159580	1
159595	0
159606	1
159621	0
159632	1
159647	0
159657	1
159674	0
159684	1
159707	0
159710	1
159726	0
159736	1
159752	0
159762	1
159779	0
159797	1
159804	0
159841	1
159857	0
159867	1
159884	0
159894	1
159910	0
159920	1
159936	0
159946	1
159963	0
159973	1
159988	0
159999	1
160014	0
160025	1
160040	0
160051	1
160067	0
160078	1
160093	0
160104	1
160119	0
160129	1
160145	0
160155	1
160172	0
160182	1
160198	0
160208	1
160224	0
160234	1
160251	0
160261	1
160277	0
160287	1
160302	0
160313	1
160328	0
160340	1
160355	0
160366	1
160381	0
160392	1
160407	0
160419	1
160434	0
160445	1
160460	0
160470	1
160486	0
160496	1
160512	0
160522	1
160539	0
160550	1
160565	0
160575	1
160590	0
160602	1
160617	0
160628	1
160643	0
160654	1
160669	0
160681	1
160696	0
160706	1
160722	0
160732	1
160748	0
160758	1
160775	0
160785	1
160801	0
160811	1
160827	0
160837	1
160853	0
160863	1
160879	0
160890	1
160905	0
160916	1
160931	0
160942	1
160957	0
160969	1
160984	0
160995	1
161010	0
161021	1
161036	0
161046	1
161063	0
161073	1
161089	0
161099	1
161118	0
161125	1
161141	0
161152	1
161167	0
161178	1
161194	0
161204	1
161220	0
161231	1
161246	0
161257	1
161272	0
161283	1
161298	0
161309	1
161325	0
161336	1
161351	0
161361	1
161377	0
161387	1
161403	0
161413	1
161430	0
161440	1
161456	0
161466	1
161482	0
161492	1
161509	0
161519	1
161534	0
161545	1
161560	0
161571	1
161586	0
161598	1
161613	0
161624	1
161639	0
161650	1
161665	0
161676	1
161691	0
161703	1
161718	0
161728	1
161744	0
161754	1
161770	0
161780	1
161797	0
161807	1
161823	0
161833	1
161849	0
163536	1
163553	0
163563	1
163579	0
163589	1
163605	0
163615	1
163630	0
163642	1
163657	0
163668	1
163683	0
163694	1
163709	0
163721	1
163742	0
163746	1
163762	0
163773	1
163788	0
163799	1
163814	0
163825	1
163841	0
163852	1
163867	0
163877	1
163893	0
163903	1
163919	0
163929	1
163946	0
165214	1
165230	0
165240	1
165256	0
165266	1
165283	0
165293	1
165309	0
165319	1
165334	0
165345	1
165360	0
165371	1
165386	0
165398	1
165413	0
165424	1
165439	0
165450	1
165465	0
165477	1
165492	0
165502	1
165518	0
165528	1
165544	0
165554	1
165571	0
165581	1
165597	0
165607	1
165623	0
166892	1
166907	0
166918	1
166933	0
166943	1
166959	0
166969	1
166986	0
166996	1
167012	0
167022	1
167038	0
167048	1
167065	0
167075	1
167095	0
167101	1
167117	0
167127	1
167143	0
167153	1
167169	0
167179	1
167196	0
167206	1
167221	0
167232	1
167247	0
167258	1
167273	0
167285	1
167300	0
167730	1
167746	0
167756	1
167772	0
167782	1
167798	0
167808	1
167855	0
167861	1
167877	0
167887	1
167903	0
167913	1
167929	0
167939	1
167955	0
167965	1
167982	0
167992	1
168008	0
168018	1
168034	0
168044	1
168059	0
168071	1
168086	0
168097	1
168112	0
168123	1
168138	0
168569	1
168584	0
168595	1
168610	0
168620	1
168637	0
168647	1
168663	0
168673	1
168689	0
168700	1
168715	0
168725	1
168742	0
168752	1
168768	0
168778	1
168793	0
168805	1
168820	0
168831	1
168846	0
168856	1
168873	0
168883	1
168899	0
168909	1
168924	0
168936	1
168951	0
168962	1
168977	0
169407	1
169423	0
169433	1
169450	0
169460	1
169475	0
169486	1
169501	0
169512	1
169527	0
169539	1
169554	0
169565	1
169580	0
169591	1
169606	0
169617	1
169632	0
169642	1
169659	0
169669	1
169685	0
169695	1
169711	0
169721	1
169738	0
169748	1
169764	0
169774	1
169790	0
169800	1
169816	0
171085	1
171100	0
171111	1
171126	0
171137	1
171152	0
171164	1
171179	0
171189	1
171205	0
171215	1
171231	0
171241	1
171258	0
171268	1
171284	0
171294	1
171310	0
171320	1
171336	0
171346	1
171363	0
171373	1
171388	0
171399	1
171414	0
171425	1
171440	0
171452	1
171467	0
171478	1
171493	0
171922	1
171939	0
171949	1
171965	0
171975	1
171991	0
172001	1
172018	0
172028	1
172044	0
172054	1
172070	0
172080	1
172097	0
172107	1
172122	0
172133	1
172148	0
172159	1
172174	0
172185	1
172200	0
172212	1
172227	0
172238	1
172253	0
172264	1
172279	0
172289	1
172306	0
172316	1
172332	0
172762	1
172778	0
172788	1
172804	0
172814	1
172830	0
172840	1
172855	0
172867	1
172882	0
172893	1
172908	0
172919	1
172934	0
172946	1
172969	0
172972	1
172987	0
172997	1
173014	0
173024	1
173039	0
173050	1
173065	0
173077	1
173092	0
173103	1
173118	0
173129	1
173144	0
173155	1
173170	0
174439	1
174454	0
174465	1
174480	0
174492	1
174507	0
174518	1
174533	0
174544	1
174559	0
174571	1
174586	0
174597	1
174612	0
174622	1
174638	0
174648	1
174664	0
174674	1
174691	0
174701	1
174717	0
174727	1
174743	0
174753	1
174770	0
174780	1
174796	0
174806	1
174821	0
174832	1
174847	0
176116	1
176132	0
176142	1
176158	0
176168	1
176185	0
176195	1
176211	0
176221	1
176237	0
176247	1
176262	0
176274	1
176289	0
176300	1
176315	0
176326	1
176341	0
176355	1
176367	0
176378	1
176394	0
176404	1
176420	0
176430	1
176447	0
176457	1
176473	0
176483	1
176499	0
176509	1
176526	0
176955	1
176971	0
176981	1
176997	0
177008	1
177023	0
177033	1
177050	0
177060	1
177076	0
177086	1
177101	0
177112	1
177127	0
177139	1
177154	0
177165	1
177180	0
177191	1
177206	0
177218	1
177233	0
177243	1
177259	0
177269	1
177285	0
177295	1
177311	0
177322	1
177338	0
177348	1
177364	0
178632	1
178648	0
178658	1
178674	0
178684	1
178701	0
178711	1
178727	0
178737	1
178752	0
178763	1
178778	0
178790	1
178805	0
178816	1
178831	0
178842	1
178857	0
178869	1
178884	0
178894	1
178910	0
178920	1
178936	0
178946	1
178963	0
178973	1
178989	0
178999	1
179014	0
179026	1
179041	0
179470	1
179487	0
179497	1
179513	0
179523	1
179539	0
179549	1
179574	0
179575	1
179592	0
179602	1
179618	0
179628	1
179644	0
179654	1
179670	0
179680	1
179697	0
179707	1
179722	0
179733	1
179748	0
179759	1
179774	0
179786	1
179801	0
179812	1
179827	0
179838	1
179853	0
179863	1
179880	0
180309	1
180325	0
180335	1
180352	0
180362	1
180378	0
180388	1
180404	0
180414	1
180430	0
180440	1
180457	0
180467	1
180482	0
180493	1
180508	0
180519	1
180534	0
180546	1
180561	0
180572	1
180587	0
180598	1
180613	0
180625	1
180640	0
180650	1
180666	0
180676	1
180692	0
180702	1
180718	0
181986	1
182003	0
182013	1
182029	0
182039	1
182055	0
182065	1
182082	0
182092	1
182107	0
182118	1
182133	0
182144	1
182159	0
182187	1
182188	0
182197	1
182213	0
182222	1
182238	0
182249	1
182264	0
182275	1
182291	0
182302	1
182317	0
182327	1
182343	0
182353	1
182370	0
182380	1
182396	0
183664	1
183679	0
183717	1
183732	0
183743	1
183758	0
183769	1
183784	0
183796	1
183811	0
183834	1
183836	0
183848	1
183863	0
183874	1
183889	0
183899	1
183916	0
183926	1
183942	0
183952	1
183967	0
183979	1
183994	0
184005	1
184020	0
184030	1
184047	0
184057	1
184073	0
184502	1
184519	0
184529	1
184545	0
184555	1
184571	0
184581	1
184598	0
184608	1
184623	0
184634	1
184649	0
184660	1
184675	0
184686	1
184701	0
184713	1
184728	0
184739	1
184754	0
184765	1
184780	0
184790	1
184807	0
184817	1
184833	0
184847	1
184859	0
184870	1
184886	0
184895	1
184912	0
186180	1
186195	0
186206	1
186222	0
186232	1
186248	0
186259	1
186274	0
186284	1
186301	0
186311	1
186327	0
186337	1
186353	0
186363	1
186380	0
186390	1
186406	0
186416	1
186432	0
186442	1
186457	0
186468	1
186483	0
186495	1
186510	0
186521	1
186536	0
186547	1
186562	0
186574	1
186589	0
187857	1
187874	0
187884	1
187899	0
187910	1
187925	0
187936	1
187951	0
187962	1
187977	0
187989	1
188004	0
188015	1
188030	0
188040	1
188056	0
188066	1
188083	0
188093	1
188109	0
188119	1
188135	0
188145	1
188162	0
188172	1
188188	0
188198	1
188219	0
188224	1
188239	0
188251	1
188266	0
188695	1
188712	0
188722	1
188738	0
188748	1
188764	0
188774	1
188791	0
188800	1
188817	0
188828	1
188842	0
188853	1
188870	0
188879	1
188895	0
188905	1
188922	0
188932	1
188948	0
188958	1
188973	0
188984	1
188999	0
189011	1
189026	0
189037	1
189052	0
189063	1
189078	0
189090	1
189105	0
189535	1
189550	0
189560	1
189576	0
189586	1
189603	0
189613	1
189629	0
189639	1
189655	0
189665	1
189682	0
189692	1
189708	0
189718	1
189733	0
189744	1
189759	0
189771	1
189786	0
189797	1
189812	0
189823	1
189838	0
189850	1
189865	0
189875	1
189891	0
189901	1
189917	0
189927	1
189943	0
191212	1
191227	0
191237	1
191254	0
191264	1
191280	0
191290	1
191306	0
191316	1
191333	0
191343	1
191359	0
191369	1
191385	0
191422	1
191437	0
191448	1
191463	0
191474	1
191489	0
191501	1
191516	0
191527	1
191542	0
191552	1
191568	0
191578	1
191595	0
191605	1
191621	0
192051	1
192066	0
192077	1
192092	0
192103	1
192118	0
192130	1
192145	0
192156	1
192197	0
192207	1
192223	0
192233	1
192250	0
192260	1
192276	0
192286	1
192302	0
192312	1
192329	0
192339	1
192355	0
192365	1
192380	0
192391	1
192406	0
192418	1
192433	0
192444	1
192459	0
192889	1
192905	0
192915	1
192931	0
192941	1
192957	0
192967	1
192984	0
192994	1
193010	0
193020	1
193036	0
193046	1
193061	0
193073	1
193088	0
193099	1
193114	0
193125	1
193140	0
193152	1
193167	0
193178	1
193193	0
193204	1
193219	0
193229	1
193245	0
193255	1
193272	0
193282	1
193298	0
194567	1
194582	0
194593	1
194608	0
194619	1
194634	0
194646	1
194661	0
194671	1
194687	0
194697	1
194713	0
194723	1
194739	0
194750	1
194766	0
194776	1
194799	0
194803	1
194818	0
194829	1
194844	0
194855	1
194870	0
194881	1
194896	0
194906	1
194923	0
194933	1
194949	0
194959	1
194975	0
195405	1
195421	0
195432	1
195447	0
195458	1
195473	0
195484	1
195499	0
195509	1
195525	0
195536	1
195552	0
195562	1
195578	0
195588	1
195604	0
195614	1
195631	0
195641	1
195657	0
195667	1
195683	0
195693	1
195708	0
195720	1
195735	0
195746	1
195761	0
195772	1
195787	0
195799	1
195814	0
196244	1
196259	0
196270	1
196285	0
196297	1
196312	0
196323	1
196338	0
196348	1
196364	0
196374	1
196390	0
196400	1
196417	0
196427	1
196443	0
196453	1
196469	0
196479	1
196496	0
196506	1
196522	0
196532	1
196547	0
196558	1
196573	0
196585	1
196600	0
196611	1
196626	0
196637	1
196652	0
197082	1
197098	0
197108	1
197125	0
197135	1
197151	0
197161	1
197176	0
197187	1
197202	0
197214	1
197229	0
197240	1
197255	0
197266	1
197281	0
197293	1
197308	0
197318	1
197334	0
197344	1
197360	0
197370	1
197386	0
197396	1
197413	0
197423	1
197438	0
197449	1
197464	0
197476	1
197491	0
197920	1
197937	0
197947	1
197963	0
197973	1
197989	0
198007	1
198015	0
198026	1
198042	0
198053	1
198068	0
198078	1
198093	0
198104	1
198120	0
198130	1
198146	0
198157	1
198173	0
198183	1
198199	0
198209	1
198224	0
198236	1
198251	0
198262	1
198277	0
198288	1
198303	0
198315	1
198330	0
198760	1
198776	0
198786	1
198802	0
198812	1
198828	0
198838	1
198853	0
198865	1
198880	0
198891	1
198906	0
198917	1
198932	0
198943	1
198959	0
198970	1
198985	0
198995	1
199011	0
199021	1
199037	0
199047	1
199064	0
199074	1
199090	0
199100	1
199116	0
199126	1
199143	0
199153	1
199169	0
199598	1
199614	0
199624	1
199640	0
199650	1
199667	0
199677	1
199719	0
199729	1
199745	0
199755	1
199771	0
199781	1
199798	0
199808	1
199849	0
199860	1
199876	0
199887	1
199902	0
199912	1
199929	0
199939	1
199955	0
199965	1
199980	0
199992	1
200007	0
200437	1
200452	0
200464	1
200479	0
200490	1
200505	0
200515	1
200531	0
200541	1
200557	0
200568	1
200584	0
200594	1
200610	0
200620	1
200636	0
200646	1
200688	0
200699	1
200714	0
200725	1
200741	0
200752	1
200767	0
200778	1
200793	0
200803	1
200820	0
200830	1
200846	0
201276	1
201291	0
201302	1
201317	0
201328	1
201344	0
201354	1
201370	0
201380	1
201396	0
201406	1
201422	0
201433	1
201449	0
201459	1
201475	0
201485	1
201501	0
201511	1
201527	0
201537	1
201554	0
201564	1
201580	0
201590	1
201605	0
201616	1
201631	0
201643	1
201658	0
201669	1
201684	0
202114	1
202129	0
202141	1
202156	0
202167	1
202182	0
202193	1
202208	0
202219	1
202234	0
202246	1
202261	0
202272	1
202287	0
202297	1
202313	0
202323	1
202340	0
202350	1
202366	0
202376	1
202392	0
202402	1
202419	0
202429	1
202445	0
202455	1
202470	0
202481	1
202496	0
202507	1
202523	0
202953	1
202968	0
202979	1
202994	0
203006	1
203021	0
203032	1
203047	0
203058	1
203073	0
203083	1
203100	0
203110	1
203126	0
203136	1
203152	0
203162	1
203179	0
203189	1
203205	0
203215	1
203230	0
203241	1
203256	0
203267	1
203282	0
203294	1
203309	0
203320	1
203335	0
203346	1
203361	0
203791	1
203807	0
203817	1
203834	0
203844	1
203860	0
203870	1
203885	0
203896	1
203911	0
203923	1
203938	0
203949	1
203964	0
203975	1
203990	0
204002	1
204024	0
204028	1
204043	0
204054	1
204069	0
204080	1
204095	0
204105	1
204122	0
204132	1
204148	0
204158	1
204174	0
204184	1
204200	0
204630	1
204646	0
204657	1
204672	0
204682	1
204699	0
204709	1
204724	0
204735	1
204750	0
204761	1
204776	0
204788	1
204803	0
204814	1
204829	0
204840	1
204855	0
204865	1
204882	0
204892	1
204908	0
204918	1
204934	0
204944	1
204961	0
204971	1
204987	0
204997	1
205013	0
205023	1
205038	0
205468	1
205485	0
205495	1
205511	0
205521	1
205537	0
205547	1
205562	0
205574	1
205589	0
205600	1
205615	0
205626	1
205641	0
205653	1
205668	0
205679	1
205694	0
205704	1
205720	0
205730	1
205747	0
205757	1
205773	0
205783	1
205799	0
205809	1
205825	0
205835	1
205852	0
205862	1
205878	0
206308	1
206323	0
206334	1
206349	0
206360	1
206375	0
206386	1
206402	0
206413	1
206428	0
206438	1
206454	0
206464	1
206480	0
206490	1
206507	0
206517	1
206533	0
206543	1
206559	0
206569	1
206586	0
206596	1
206611	0
206626	1
206638	0
206648	1
206664	0
206674	1
206690	0
206700	1
206715	0
207146	1
207161	0
207173	1
207193	0
207199	1
207214	0
207225	1
207240	0
207251	1
207266	0
207276	1
207293	0
207303	1
207319	0
207329	1
207345	0
207355	1
207372	0
207382	1
207398	0
207408	1
207423	0
207434	1
207449	0
207461	1
207476	0
207487	1
207502	0
207513	1
207528	0
207540	1
207555	0
207993	1
208000	0
208011	1
208027	0
208037	1
208053	0
208063	1
208079	0
208089	1
208106	0
208116	1
208132	0
208142	1
208157	0
208168	1
208183	0
208194	1
208209	0
208221	1
208236	0
208247	1
208262	0
208273	1
208288	0
208300	1
208315	0
208326	1
208341	0
208351	1
208367	0
208377	1
208394	0
208823	1
208838	0
208850	1
208865	0
208876	1
208891	0
208902	1
208917	0
208928	1
208944	0
208955	1
208970	0
208981	1
208996	0
209006	1
209022	0
209032	1
209049	0
209059	1
209075	0
209085	1
209101	0
209111	1
209127	0
209137	1
209153	0
209164	1
209180	0
209191	1
209206	0
209217	1
209232	0
209662	1
209678	0
209688	1
209704	0
209714	1
209729	0
209741	1
209756	0
209767	1
209782	0
209793	1
209808	0
209820	1
209835	0
209846	1
209887	0
209898	1
209914	0
209923	1
209940	0
209950	1
209966	0
209976	1
209992	0
210003	1
210019	0
210029	1
210044	0
210055	1
210070	0
210501	1
210516	0
210526	1
210542	0
210552	1
210569	0
210579	1
210595	0
210612	1
210621	0
210632	1
210647	0
210658	1
210673	0
210685	1
210700	0
210710	1
210726	0
210736	1
210752	0
210762	1
210779	0
210789	1
210805	0
210815	1
210831	0
210841	1
210856	0
210868	1
210883	0
210894	1
210909	0
211339	1
211355	0
211365	1
211382	0
211392	1
211407	0
211418	1
211433	0
211444	1
211459	0
211471	1
211486	0
211497	1
211512	0
211523	1
211538	0
211549	1
211564	0
211575	1
211591	0
211601	1
211617	0
211627	1
211643	0
211653	1
211670	0
211680	1
211696	0
211706	1
211722	0
211732	1
211747	0
212178	1
212193	0
212204	1
212219	0
212231	1
212246	0
212257	1
212272	0
212283	1
212298	0
212309	1
212325	0
212335	1
212351	0
212361	1
212377	0
212387	1
212403	0
212413	1
212430	0
212440	1
212456	0
212466	1
212485	0
212492	1
212508	0
212519	1
212534	0
212545	1
212560	0
212571	1
212587	0
213016	1
213032	0
213042	1
213059	0
213069	1
213085	0
213095	1
213111	0
213121	1
213137	0
213147	1
213164	0
213174	1
213189	0
213200	1
213215	0
213226	1
213242	0
213252	1
213269	0
213279	1
213294	0
213305	1
213320	0
213331	1
213346	0
213357	1
213373	0
213384	1
213399	0
213410	1
213425	0
213855	1
213870	0
213882	1
213897	0
213908	1
213923	0
213934	1
213949	0
213960	1
213975	0
213986	1
214002	0
214012	1
214028	0
214038	1
214054	0
214064	1
214081	0
214091	1
214107	0
214117	1
214133	0
214143	1
214160	0
214170	1
214185	0
214196	1
214211	0
214222	1
214237	0
214249	1
214264	0
214694	1
214709	0
214720	1
214735	0
214747	1
214762	0
214772	1
214788	0
214798	1
214814	0
214824	1
214841	0
214851	1
214867	0
214877	1
214893	0
214903	1
214920	0
214930	1
214946	0
214956	1
214971	0
214982	1
214997	0
215008	1
215024	0
215035	1
215050	0
215061	1
215076	0
215091	1
215103	0
215533	1
215548	0
215559	1
215574	0
215585	1
215600	0
215611	1
215627	0
215638	1
215653	0
215663	1
215679	0
215689	1
215731	0
215742	1
215757	0
215769	1
215784	0
215795	1
215810	0
215820	1
215838	0
215847	1
215870	0
215873	1
215889	0
215899	1
215915	0
215925	1
215942	0
216371	1
216386	0
216398	1
216413	0
216424	1
216440	0
216449	1
216466	0
216476	1
216491	0
216502	1
216518	0
216528	1
216544	0
216554	1
216570	0
216581	1
216596	0
216607	1
216622	0
216633	1
216648	0
216660	1
216675	0
216686	1
216701	0
216712	1
216727	0
216737	1
216754	0
216764	1
216780	0
218048	1
218064	0
218074	1
218090	0
218100	1
218117	0
218127	1
218143	0
218153	1
218169	0
218179	1
218194	0
218206	1
218221	0
218232	1
218247	0
218258	1
218273	0
218285	1
218300	0
218311	1
218326	0
218337	1
218352	0
218362	1
218379	0
218389	1
218405	0
218415	1
218431	0
218441	1
218457	0
218887	1
218903	0
218913	1
218929	0
218939	1
218955	0
218965	1
218982	0
218992	1
219008	0
219018	1
219033	0
219044	1
219059	0
219071	1
219113	0
219123	1
219139	0
219149	1
219164	0
219175	1
219190	0
219202	1
219217	0
219228	1
219243	0
219254	1
219269	0
219281	1
219296	0
219725	1
219741	0
219751	1
219768	0
219778	1
219794	0
219804	1
219828	0
219831	1
219846	0
219857	1
219872	0
219883	1
219898	0
219910	1
219925	0
219936	1
219951	0
219961	1
219977	0
219987	1
220003	0
220013	1
220030	0
220040	1
220056	0
220066	1
220082	0
220092	1
220109	0
220119	1
220135	0
221403	1
221418	0
221428	1
221445	0
221455	1
221471	0
221481	1
221497	0
221507	1
221524	0
221534	1
221550	0
221560	1
221576	0
221586	1
221603	0
221613	1
221628	0
221639	1
221654	0
221665	1
221680	0
221691	1
221711	0
221718	1
221733	0
221744	1
221759	0
221770	1
221785	0
221797	1
221812	0
222241	1
222258	0
222268	1
222284	0
222294	1
222309	0
222320	1
222335	0
222347	1
222362	0
222373	1
222388	0
222399	1
222414	0
222425	1
222443	0
222451	1
222467	0
222477	1
222493	0
222503	1
222520	0
222530	1
222546	0
222556	1
222572	0
222582	1
222598	0
222608	1
222624	0
222635	1
222650	0
223080	1
223095	0
223107	1
223122	0
223133	1
223148	0
223159	1
223174	0
223185	1
223201	0
223212	1
223226	0
223238	1
223253	0
223264	1
223279	0
223290	1
223305	0
223315	1
223332	0
223342	1
223358	0
223368	1
223384	0
223394	1
223411	0
223421	1
223437	0
223447	1
223463	0
223473	1
223488	0
223919	1
223934	0
223945	1
223960	0
223971	1
223986	0
223998	1
224013	0
224024	1
224039	0
224050	1
224065	0
224077	1
224092	0
224102	1
224118	0
224128	1
224144	0
224154	1
224171	0
224181	1
224197	0
224207	1
224223	0
224233	1
224249	0
224259	1
224276	0
224286	1
224301	0
224312	1
224327	0
224769	1
224773	0
224783	1
224800	0
224810	1
224826	0
224836	1
224852	0
224862	1
224878	0
224888	1
224905	0
224915	1
224931	0
224941	1
224956	0
224967	1
224982	0
224994	1
225009	0
225020	1
225035	0
225046	1
225061	0
225073	1
225088	0
225098	1
225114	0
225124	1
225140	0
225150	1
225166	0
225596	1
225612	0
225622	1
225639	0
225649	1
225664	0
225675	1
225690	0
225701	1
225716	0
225731	1
225742	0
225754	1
225769	0
225780	1
225795	0
225806	1
225821	0
225833	1
225848	0
225858	1
225874	0
225884	1
225900	0
225910	1
225926	0
225936	1
225953	0
225963	1
225979	0
225989	1
226005	0
226435	1
226450	0
226463	1
226477	0
226487	1
226503	0
226513	1
226529	0
226539	1
226556	0
226566	1
226582	0
226592	1
226608	0
226618	1
226634	0
226644	1
226659	0
226671	1
226686	0
226697	1
226712	0
226723	1
226738	0
226750	1
226765	0
226776	1
226791	0
226801	1
226817	0
226827	1
226844	0
227274	1
227289	0
227300	1
227315	0
227325	1
227341	0
227352	1
227368	0
227378	1
227394	0
227404	1
227420	0
227430	1
227447	0
227457	1
227473	0
227483	1
227498	0
227509	1
227524	0
227536	1
227551	0
227562	1
227577	0
227588	1
227603	0
227615	1
227630	0
227641	1
227656	0
227666	1
227682	0
228112	1
228128	0
228138	1
228154	0
228164	1
228181	0
228191	1
228206	0
228217	1
228232	0
228243	1
228258	0
228270	1
228285	0
228296	1
228311	0
228322	1
228337	0
228348	1
228390	0
228401	1
228416	0
228427	1
228442	0
228452	1
228469	0
228480	1
228495	0
228505	1
228521	0
228951	1
228966	0
228977	1
228992	0
229003	1
229019	0
229030	1
229045	0
229056	1
229071	0
229081	1
229097	0
229114	1
229124	0
229134	1
229149	0
229161	1
229176	0
229187	1
229202	0
229213	1
229228	0
229239	1
229255	0
229265	1
229281	0
229291	1
229307	0
229317	1
229333	0
229343	1
229360	0
229790	1
229805	0
229815	1
229831	0
229841	1
229858	0
229868	1
229884	0
229894	1
229910	0
229920	1
229936	0
229946	1
229963	0
229973	1
229988	0
229999	1
230014	0
230025	1
230040	0
230052	1
230067	0
230078	1
230093	0
230104	1
230119	0
230129	1
230146	0
230156	1
230172	0
230182	1
230198	0
230628	1
230643	0
230655	1
230670	0
230681	1
230696	0
230707	1
230722	0
230732	1
230748	0
230758	1
230775	0
230785	1
230801	0
230811	1
230827	0
230837	1
230854	0
230864	1
230879	0
230890	1
230905	0
230916	1
230931	0
230943	1
230958	0
230969	1
230989	0
230994	1
231011	0
231022	1
231036	0
231467	1
231482	0
231493	1
231508	0
231520	1
231535	0
231545	1
231561	0
231571	1
231587	0
231597	1
231614	0
231624	1
231640	0
231650	1
231666	0
231676	1
231692	0
231728	1
231752	0
231755	1
231771	0
231781	1
231797	0
231807	1
231822	0
231842	1
231849	0
231860	1
231875	0
232306	1
232321	0
232340	1
232348	0
232357	1
232374	0
232384	1
232399	0
232410	1
232426	0
232436	1
232452	0
232462	1
232478	0
232488	1
232505	0
232515	1
232531	0
232541	1
232557	0
232567	1
232583	0
232594	1
232609	0
232620	1
232635	0
232646	1
232661	0
232672	1
232687	0
232699	1
232714	0
233982	1
233999	0
234009	1
234025	0
234035	1
234050	0
234061	1
234076	0
234088	1
234103	0
234114	1
234129	0
234140	1
234155	0
234167	1
234182	0
234192	1
234208	0
234218	1
234234	0
234244	1
234260	0
234271	1
234287	0
234297	1
234313	0
234323	1
234339	0
234349	1
234364	0
234376	1
234392	0
235660	1
235676	0
235693	1
235701	0
235712	1
235728	0
235738	1
235755	0
235765	1
235780	0
235791	1
235806	0
235817	1
235832	0
235844	1
235859	0
235870	1
235885	0
235896	1
235911	0
235921	1
235938	0
235948	1
235964	0
235974	1
235990	0
236000	1
236017	0
236027	1
236043	0
236053	1
236069	0
236498	1
236514	0
236525	1
236541	0
236551	1
236567	0
236577	1
236592	0
236603	1
236618	0
236630	1
236645	0
236656	1
236671	0
236682	1
236697	0
236709	1
236724	0
236734	1
236750	0
236760	1
236776	0
236786	1
236803	0
236813	1
236829	0
236839	1
236855	0
236865	1
236880	0
236892	1
236907	0
237337	1
237352	0
237364	1
237379	0
237390	1
237405	0
237416	1
237431	0
237442	1
237457	0
237468	1
237484	0
237494	1
237510	0
237520	1
237536	0
237546	1
237588	0
237599	1
237615	0
237625	1
237641	0
237652	1
237667	0
237678	1
237693	0
237703	1
237720	0
237730	1
237746	0
238175	1
238192	0
238202	1
238218	0
238228	1
238244	0
238254	1
238269	0
238281	1
238296	0
238307	1
238322	0
238333	1
238349	0
238360	1
238375	0
238385	1
238401	0
238411	1
238428	0
238438	1
238454	0
238464	1
238479	0
238490	1
238505	0
238517	1
238532	0
238543	1
238558	0
238569	1
238584	0
239014	1
239030	0
239040	1
239056	0
239066	1
239083	0
239093	1
239109	0
239119	1
239135	0
239145	1
239162	0
239172	1
239187	0
239198	1
239213	0
239224	1
239239	0
239251	1
239266	0
239277	1
239292	0
239303	1
239318	0
239328	1
239345	0
239355	1
239371	0
239381	1
239397	0
239407	1
239423	0
239853	1
239868	0
239879	1
239894	0
239906	1
239921	0
239932	1
239947	0
239958	1
239973	0
239985	1
240000	0
240010	1
240026	0
240036	1
240052	0
240062	1
240079	0
240089	1
240105	0
240115	1
240131	0
240141	1
240157	0
240167	1
240182	0
240194	1
240209	0
240220	1
240235	0
240246	1
240262	0
240691	1
240707	0
240717	1
240734	0
240744	1
240760	0
240770	1
240786	0
240796	1
240813	0
240823	1
240838	0
240849	1
240864	0
240875	1
240890	0
240902	1
240917	0
240928	1
240943	0
240954	1
240969	0
240981	1
241002	0
241006	1
241022	0
241032	1
241047	0
241059	1
241074	0
241085	1
241100	0
241531	1
241546	0
241556	1
241572	0
241583	1
241598	0
241609	1
241624	0
241635	1
241651	0
241662	1
241677	0
241688	1
241703	0
241713	1
241729	0
241739	1
241756	0
241766	1
241782	0
241792	1
241808	0
241818	1
241835	0
241845	1
241861	0
241871	1
241886	0
241897	1
241912	0
241924	1
241939	0
242369	1
242384	0
242395	1
242410	0
242422	1
242437	0
242448	1
242463	0
242474	1
242489	0
242499	1
242516	0
242526	1
242542	0
242552	1
242568	0
242578	1
242595	0
242605	1
242621	0
242631	1
242646	0
242657	1
242672	0
242684	1
242699	0
242710	1
242725	0
242736	1
242751	0
242763	1
242778	0
244046	1
244062	0
244072	1
244088	0
244098	1
244115	0
244125	1
244141	0
244151	1
244167	0
244177	1
244193	0
244203	1
244220	0
244230	1
244245	0
244256	1
244271	0
244282	1
244297	0
244309	1
244324	0
244335	1
244350	0
244361	1
244376	0
244388	1
244403	0
244413	1
244429	0
244439	1
244455	0
244885	1
244900	0
244911	1
244927	0
244938	1
244953	0
244963	1
244979	0
244989	1
245005	0
245015	1
245032	0
245042	1
245058	0
245068	1
245084	0
245094	1
245111	0
245121	1
245137	0
245147	1
245162	0
245173	1
245188	0
245200	1
245215	0
245226	1
245241	0
245252	1
245267	0
245278	1
245293	0
245724	1
245739	0
245750	1
245765	0
245775	1
245792	0
245802	1
245818	0
245828	1
245844	0
245854	1
245870	0
245880	1
245897	0
245907	1
245923	0
245933	1
245949	0
245959	1
245974	0
245986	1
246001	0
246012	1
246027	0
246038	1
246053	0
246065	1
246080	0
246091	1
246106	0
246117	1
246132	0
246562	1
246578	0
246588	1
246604	0
246614	1
246630	0
246641	1
246657	0
246667	1
246683	0
246693	1
246709	0
246719	1
246734	0
246746	1
246787	0
246798	1
246814	0
246824	1
246840	0
246851	1
246866	0
246877	1
246892	0
246902	1
246919	0
246929	1
246945	0
246955	1
246971	0
247401	1
247416	0
247427	1
247442	0
247453	1
247468	0
247480	1
247495	0
247506	1
247521	0
247532	1
247547	0
247558	1
247573	0
247585	1
247600	0
247611	1
247626	0
247636	1
247652	0
247662	1
247679	0
247689	1
247731	0
247741	1
247757	0
247767	1
247783	0
247793	1
247859	0
248239	1
248256	0
248266	1
248281	0
248292	1
248307	0
248318	1
248333	0
248345	1
248360	0
248371	1
248386	0
248397	1
248412	0
248423	1
248438	0
248449	1
248465	0
248475	1
248491	0
248501	1
248517	0
248527	1
248544	0
248554	1
248570	0
248580	1
248596	0
248606	1
248621	0
248633	1
248648	0
249078	1
249094	0
249104	1
249120	0
249130	1
249146	0
249157	1
249172	0
249183	1
249198	0
249209	1
249224	0
249236	1
249251	0
249262	1
249277	0
249288	1
249303	0
249313	1
249330	0
249340	1
249356	0
249366	1
249382	0
249392	1
249408	0
249419	1
249435	0
249445	1
249461	0
249471	1
249487	0
249917	1
249932	0
249943	1
249958	0
249969	1
249984	0
249996	1
250011	0
250022	1
250037	0
250048	1
250063	0
250073	1
250090	0
250100	1
250116	0
250126	1
250142	0
250152	1
250169	0
250179	1
250194	0
250205	1
250221	0
250231	1
250247	0
250257	1
250273	0
250283	1
250300	0
250310	1
250326	0
250757	1
250772	0
250782	1
250797	0
250808	1
250823	0
250834	1
250849	0
250861	1
250876	0
250887	1
250902	0
250912	1
250928	0
250938	1
250955	0
250965	1
250981	0
250991	1
251007	0
251017	1
251033	0
251043	1
251060	0
251070	1
251086	0
251096	1
251111	0
251122	1
251137	0
251149	1
251164	0
251594	1
251609	0
251621	1
251636	0
251647	1
251662	0
251673	1
251688	0
251698	1
251715	0
251725	1
251741	0
251751	1
251767	0
251777	1
251793	0
251803	1
251820	0
251830	1
251845	0
251856	1
251871	0
251882	1
251897	0
251909	1
251924	0
251935	1
251950	0
251961	1
251976	0
251988	1
252003	0
252433	1
252448	0
252459	1
252474	0
252485	1
252500	0
252512	1
252527	0
252538	1
252553	0
252564	1
252579	0
252589	1
252606	0
252616	1
252632	0
252642	1
252658	0
252668	1
252684	0
252694	1
252711	0
252721	1
252737	0
252747	1
252763	0
252773	1
252789	0
252800	1
252815	0
252826	1
252841	0
253271	1
253287	0
253297	1
253313	0
253324	1
253340	0
253350	1
253365	0
253377	1
253392	0
253402	1
253418	0
253428	1
253444	0
253454	1
253471	0
253481	1
253497	0
253507	1
253523	0
253533	1
253549	0
253559	1
253576	0
253586	1
253601	0
253612	1
253627	0
253638	1
253653	0
253665	1
253680	0
254110	1
254125	0
254137	1
254152	0
254163	1
254178	0
254189	1
254204	0
254214	1
254230	0
254240	1
254257	0
254267	1
254283	0
254293	1
254309	0
254319	1
254336	0
254346	1
254362	0
254372	1
254388	0
254398	1
254413	0
254424	1
254440	0
254451	1
254466	0
254477	1
254492	0
254503	1
254518	0
254949	1
254964	0
254975	1
254990	0
255000	1
255017	0
255027	1
255043	0
255053	1
255069	0
255079	1
255096	0
255106	1
255122	0
255132	1
255148	0
255158	1
255174	0
255184	1
255199	0
255211	1
255226	0
255237	1
255252	0
255263	1
255278	0
255290	1
255305	0
255316	1
255331	0
255342	1
255357	0
255787	1
255803	0
255813	1
255855	0
255866	1
255881	0
255892	1
255907	0
255919	1
255934	0
255945	1
255960	0
255970	1
255992	0
255996	1
256013	0
256023	1
256038	0
256049	1
256065	0
256075	1
256091	0
256102	1
256117	0
256128	1
256143	0
256155	1
256170	0
256180	1
256196	0
256626	1
256642	0
256652	1
256668	0
256678	1
256693	0
256705	1
256720	0
256733	1
256746	0
256757	1
256772	0
256784	1
256799	0
256809	1
256825	0
256835	1
256851	0
256861	1
256878	0
256888	1
256904	0
256914	1
256930	0
256940	1
256955	0
256967	1
256982	0
256993	1
257008	0
257019	1
257034	0
257465	1
257480	0
257491	1
257506	0
257517	1
257532	0
257544	1
257559	0
257569	1
257585	0
257595	1
257611	0
257621	1
257638	0
257648	1
257664	0
257674	1
257690	0
257700	1
257715	0
257727	1
257742	0
257753	1
257768	0
257779	1
257794	0
257806	1
257847	0
257857	1
257874	0
258303	1
258318	0
258330	1
258345	0
258356	1
258371	0
258381	1
258397	0
258407	1
258424	0
258434	1
258450	0
258460	1
258476	0
258486	1
258503	0
258513	1
258529	0
258539	1
258555	0
258565	1
258580	0
258591	1
258607	0
258618	1
258634	0
258644	1
258659	0
258670	1
258685	0
258696	1
258712	0
259142	1
259158	0
259168	1
259184	0
259194	1
259209	0
259221	1
259236	0
259247	1
259262	0
259273	1
259288	0
259299	1
259315	0
259326	1
259340	0
259351	1
259367	0
259378	1
259394	0
259404	1
259419	0
259429	1
259446	0
259456	1
259472	0
259482	1
259498	0
259508	1
259525	0
259535	1
259551	0
259980	1
259996	0
260007	1
260022	0
260033	1
260049	0
260059	1
260074	0
260086	1
260101	0
260112	1
260127	0
260137	1
260153	0
260163	1
260180	0
260190	1
260205	0
260216	1
260232	0
260242	1
260259	0
260269	1
260285	0
260295	1
260310	0
260321	1
260336	0
260348	1
260363	0
260374	1
260389	0
260819	1
260835	0
260845	1
260861	0
260871	1
260887	0
260897	1
260914	0
260924	1
260940	0
260950	1
260966	0
260976	1
260992	0
261002	1
261019	0
261029	1
261044	0
261055	1
261070	0
261081	1
261096	0
261108	1
261123	0
261134	1
261149	0
261160	1
261175	0
261187	1
261202	0
261212	1
261228	0
261658	1
261674	0
261684	1
261699	0
261710	1
261725	0
261736	1
261751	0
261763	1
261778	0
261789	1
261804	0
261815	1
261830	0
261842	1
261857	0
261867	1
261883	0
261893	1
261909	0
261919	1
261936	0
261946	1
261962	0
261972	1
261988	0
261999	1
262014	0
262024	1
262040	0
262050	1
262067	0
262496	1
262511	0
262523	1
262538	0
262549	1
262566	0
262575	1
262591	0
262602	1
262617	0
262627	1
262642	0
262653	1
262669	0
262680	1
262695	0
262706	1
262721	0
262733	1
262748	0
262759	1
262774	0
262784	1
262800	0
262810	1
262827	0
262837	1
262853	0
262863	1
262878	0
262889	1
262906	0
263335	1
263351	0
263361	1
263376	0
263388	1
263403	0
263414	1
263429	0
263440	1
263455	0
263467	1
263482	0
263492	1
263508	0
263518	1
263534	0
263544	1
263560	0
263570	1
263587	0
263597	1
263613	0
263623	1
263639	0
263649	1
263666	0
263676	1
263691	0
263728	1
263744	0
264173	1
264190	0
264200	1
264215	0
264226	1
264241	0
264252	1
264267	0
264279	1
264294	0
264305	1
264320	0
264331	1
264346	0
264358	1
264373	0
264383	1
264399	0
264409	1
264425	0
264435	1
264452	0
264462	1
264478	0
264488	1
264504	0
264514	1
264530	0
264540	1
264557	0
264567	1
264582	0
265013	1
265028	0
265038	1
265054	0
265064	1
265080	0
265090	1
265107	0
265117	1
265133	0
265143	1
265159	0
265169	1
265186	0
265196	1
265238	0
265248	1
265264	0
265274	1
265289	0
265301	1
265316	0
265327	1
265342	0
265353	1
265368	0
265379	1
265394	0
265406	1
265421	0
265850	1
265867	0
265877	1
265893	0
265903	1
265919	0
265929	1
265946	0
265958	1
265971	0
265982	1
265998	0
266008	1
266024	0
266034	1
266049	0
266061	1
266076	0
266087	1
266102	0
266113	1
266128	0
266140	1
266155	0
266166	1
266181	0
266191	1
266207	0
266217	1
266234	0
266244	1
266260	0
266690	1
266705	0
266716	1
266731	0
266742	1
266757	0
266769	1
266784	0
266795	1
266810	0
266820	1
266836	0
266846	1
266863	0
266873	1
266889	0
266899	1
266915	0
266925	1
266941	0
266951	1
266968	0
266978	1
266993	0
267004	1
267019	0
267030	1
267045	0
267057	1
267072	0
267083	1
267098	0
267528	1
267543	0
267554	1
267570	0
267581	1
267596	0
267607	1
267622	0
267633	1
267648	0
267660	1
267675	0
267686	1
267701	0
267711	1
267727	0
267737	1
267754	0
267764	1
267780	0
267790	1
267806	0
267843	1
267866	0
267869	1
267885	0
267895	1
267911	0
267922	1
267937	0
268366	1
268383	0
268393	1
268409	0
268419	1
268435	0
268445	1
268461	0
268471	1
268488	0
268498	1
268514	0
268524	1
268539	0
268550	1
268565	0
268577	1
268592	0
268605	1
268619	0
268629	1
268645	0
268655	1
268671	0
268681	1
268697	0
268707	1
268724	0
268734	1
268749	0
268760	1
268775	0
269206	1
269221	0
269232	1
269247	0
269257	1
269274	0
269284	1
269300	0
269310	1
269326	0
269336	1
269352	0
269362	1
269379	0
269389	1
269405	0
269415	1
269430	0
269441	1
269456	0
269468	1
269483	0
269494	1
269509	0
269520	1
269535	0
269547	1
269562	0
269573	1
269588	0
269598	1
269614	0
270044	1
270059	0
270070	1
270085	0
270097	1
270112	0
270123	1
270138	0
270149	1
270164	0
270176	1
270191	0
270201	1
270217	0
270227	1
270243	0
270253	1
270270	0
270280	1
270296	0
270306	1
270322	0
270332	1
270349	0
270359	1
270374	0
270385	1
270400	0
270411	1
270426	0
270437	1
270452	0
270883	1
270899	0
270909	1
270924	0
270935	1
270950	0
270962	1
270977	0
270988	1
271003	0
271014	1
271029	0
271040	1
271056	0
271066	1
271082	0
271092	1
271108	0
271118	1
271134	0
271144	1
271161	0
271171	1
271187	0
271200	1
271213	0
271223	1
271239	0
271249	1
271265	0
271276	1
271292	0
271723	1
271737	0
271748	1
271764	0
271774	1
271796	0
271800	1
271816	0
271826	1
271848	0
271852	1
271868	0
271878	1
271895	0
271905	1
271920	0
271931	1
271947	0
271957	1
271973	0
271983	1
271999	0
272010	1
272025	0
272036	1
272052	0
272062	1
272077	0
272088	1
272104	0
272115	1
272130	0
272560	1
272575	0
272587	1
272602	0
272612	1
272628	0
272638	1
272654	0
272665	1
272680	0
272692	1
272707	0
272717	1
272733	0
272743	1
272759	0
272770	1
272785	0
272795	1
272812	0
272822	1
272837	0
272848	1
272864	0
272875	1
272890	0
272900	1
272917	0
272927	1
272942	0
272954	1
272969	0
273399	1
273414	0
273425	1
273441	0
273451	1
273467	0
273477	1
273492	0
273504	1
273519	0
273529	1
273546	0
273556	1
273571	0
273582	1
273597	0
273609	1
273624	0
273634	1
273651	0
273661	1
273676	0
273687	1
273703	0
273713	1
273729	0
273739	1
273754	0
273766	1
273781	0
273792	1
273808	0
274237	1
274253	0
274264	1
274279	0
274289	1
274306	0
274316	1
274331	0
274342	1
274358	0
274369	1
274384	0
274394	1
274411	0
274421	1
274463	0
274473	1
274489	0
274499	1
274515	0
274526	1
274541	0
274552	1
274568	0
274578	1
274593	0
274604	1
274620	0
274630	1
274646	0
275914	1
275931	0
275941	1
275956	0
275967	1
275982	0
275994	1
276009	0
276019	1
276036	0
276046	1
276061	0
276072	1
276087	0
276098	1
276114	0
276124	1
276139	0
276151	1
276166	0
276177	1
276192	0
276203	1
276219	0
276229	1
276244	0
276256	1
276271	0
276281	1
276297	0
276308	1
276323	0
276753	1
276768	0
276780	1
276795	0
276805	1
276821	0
276832	1
276847	0
276858	1
276873	0
276885	1
276900	0
276910	1
276927	0
276937	1
276952	0
276963	1
276978	0
276989	1
277005	0
277015	1
277030	0
277042	1
277057	0
277067	1
277083	0
277094	1
277109	0
277121	1
277136	0
277146	1
277162	0
277591	1
277608	0
277618	1
277633	0
277645	1
277660	0
277671	1
277686	0
277696	1
277721	0
277723	1
277738	0
277749	1
277765	0
277776	1
277791	0
277801	1
277896	0
277917	1
277922	0
277933	1
277948	0
277959	1
277975	0
277985	1
278001	0
278431	1
278446	0
278457	1
278472	0
278485	1
278499	0
278509	1
278525	0
278535	1
278551	0
278561	1
278577	0
278587	1
278604	0
278614	1
278630	0
278640	1
278656	0
278666	1
278681	0
278693	1
278708	0
278719	1
278734	0
278745	1
278760	0
278772	1
278787	0
278798	1
278813	0
278824	1
278839	0
279270	1
279285	0
279296	1
279311	0
279322	1
279337	0
279347	1
279363	0
279373	1
279390	0
279400	1
279416	0
279426	1
279442	0
279452	1
279469	0
279479	1
279495	0
279505	1
279521	0
279531	1
279546	0
279558	1
279573	0
279584	1
279599	0
279610	1
279625	0
279636	1
279651	0
279663	1
279678	0
280107	1
280124	0
280134	1
280150	0
280160	1
280176	0
280186	1
280203	0
280213	1
280229	0
280239	1
280254	0
280265	1
280280	0
280291	1
280306	0
280318	1
280333	0
280344	1
280359	0
280370	1
280385	0
280397	1
280412	0
280422	1
280438	0
280448	1
280464	0
280474	1
280491	0
280501	1
280517	0
280946	1
280961	0
280973	1
280988	0
280999	1
281014	0
281025	1
281040	0
281052	1
281067	0
281078	1
281093	0
281104	1
281121	0
281130	1
281145	0
281156	1
281172	0
281182	1
281198	0
281208	1
281225	0
281235	1
281250	0
281261	1
281276	0
281287	1
281302	0
281314	1
281329	0
281340	1
281355	0
281785	1
281801	0
281811	1
281827	0
281837	1
281879	0
281890	1
281906	0
281916	1
281932	0
281942	1
281959	0
281969	1
281984	0
281995	1
282010	0
282021	1
282036	0
282047	1
282062	0
282074	1
282089	0
282100	1
282115	0
282126	1
282141	0
282151	1
282168	0
282178	1
282194	0
282624	1
282640	0
282650	1
282666	0
282676	1
282691	0
282703	1
282718	0
282729	1
282744	0
282755	1
282770	0
282781	1
282796	0
282808	1
282823	0
282833	1
282849	0
282859	1
282875	0
282885	1
282902	0
282912	1
282928	0
282938	1
282954	0
282964	1
282981	0
282991	1
283006	0
283017	1
283032	0
283463	1
283478	0
283488	1
283504	0
283514	1
283531	0
283541	1
283557	0
283567	1
283583	0
283593	1
283610	0
283620	1
283635	0
283646	1
283661	0
283672	1
283687	0
283698	1
283713	0
283751	1
283766	0
283777	1
283792	0
283803	1
283818	0
283830	1
283845	0
283855	1
283871	0
285139	1
285155	0
285166	1
285181	0
285193	1
285208	0
285218	1
285234	0
285244	1
285260	0
285270	1
285287	0
285297	1
285313	0
285323	1
285339	0
285349	1
285365	0
285375	1
285392	0
285402	1
285417	0
285428	1
285443	0
285454	1
285469	0
285481	1
285496	0
285507	1
285522	0
285533	1
285548	0
285979	1
285994	0
286004	1
286020	0
286030	1
286046	0
286056	1
286073	0
286083	1
286099	0
286109	1
286125	0
286135	1
286152	0
286162	1
286178	0
286188	1
286203	0
286214	1
286229	0
286241	1
286256	0
286267	1
286282	0
286293	1
286308	0
286319	1
286334	0
286347	1
286360	0
286372	1
286387	0
286816	1
286833	0
286843	1
286859	0
286869	1
286885	0
286895	1
286911	0
286921	1
286938	0
286948	1
286964	0
286974	1
286989	0
287001	1
287016	0
287027	1
287042	0
287053	1
287068	0
287079	1
287094	0
287105	1
287120	0
287132	1
287147	0
287158	1
287173	0
287184	1
287199	0
287211	1
287226	0
287655	1
287671	0
287681	1
287698	0
287722	1
287724	0
287734	1
287750	0
287760	1
287776	0
287786	1
287803	0
287853	1
287855	0
287866	1
287881	0
287891	1
287907	0
287917	1
287934	0
287944	1
287959	0
287970	1
287985	0
287997	1
288012	0
288022	1
288038	0
288048	1
288065	0
288495	1
288510	0
288520	1
288536	0
288546	1
288563	0
288573	1
288588	0
288599	1
288615	0
288625	1
288641	0
288651	1
288667	0
288678	1
288693	0
288704	1
288719	0
288730	1
288746	0
288756	1
288772	0
288782	1
288799	0
288809	1
288824	0
288835	1
288850	0
288862	1
288877	0
288887	1
288903	0
289333	1
289348	0
289360	1
289375	0
289386	1
289401	0
289411	1
289427	0
289437	1
289453	0
289463	1
289480	0
289490	1
289506	0
289516	1
289532	0
289542	1
289559	0
289569	1
289584	0
289595	1
289610	0
289621	1
289636	0
289648	1
289663	0
289674	1
289689	0
289700	1
289715	0
289727	1
289742	0
290171	1
290187	0
290197	1
290214	0
290224	1
290240	0
290250	1
290266	0
290276	1
290292	0
290302	1
290318	0
290328	1
290345	0
290355	1
290371	0
290381	1
290397	0
290407	1
290424	0
290434	1
290449	0
290460	1
290475	0
290486	1
290501	0
290512	1
290527	0
290539	1
290554	0
290565	1
290580	0
291010	1
291026	0
291036	1
291051	0
291062	1
291078	0
291089	1
291104	0
291114	1
291131	0
291141	1
291157	0
291167	1
291183	0
291193	1
291210	0
291220	1
291236	0
291246	1
291262	0
291272	1
291287	0
291298	1
291313	0
291325	1
291340	0
291351	1
291366	0
291377	1
291392	0
291404	1
291419	0
291848	1
291865	0
291875	1
291891	0
291901	1
291917	0
291927	1
291942	0
291954	1
291969	0
291980	1
291995	0
292006	1
292021	0
292033	1
292048	0
292059	1
292074	0
292085	1
292100	0
292110	1
292127	0
292137	1
292153	0
292163	1
292179	0
292189	1
292205	0
292215	1
292230	0
292242	1
292258	0
292687	1
292703	0
292713	1
292729	0
292739	1
292756	0
292766	1
292782	0
292792	1
292808	0
292818	1
292835	0
292845	1
292861	0
292871	1
292886	0
292897	1
292939	0
292950	1
292965	0
292976	1
292991	0
293002	1
293018	0
293029	1
293044	0
293054	1
293070	0
293080	1
293097	0
293526	1
293541	0
293553	1
293568	0
293579	1
293594	0
293605	1
293620	0
293631	1
293647	0
293663	1
293673	0
293684	1
293699	0
293710	1
293725	0
293736	1
293751	0
293762	1
293778	0
293788	1
293804	0
293814	1
293830	0
293840	1
293856	0
293867	1
293883	0
293893	1
293909	0
293919	1
293935	0
295203	1
295219	0
295230	1
295245	0
295256	1
295271	0
295282	1
295297	0
295309	1
295324	0
295335	1
295350	0
295360	1
295376	0
295386	1
295403	0
295413	1
295429	0
295439	1
295455	0
295465	1
295482	0
295492	1
295508	0
295518	1
295537	0
295545	1
295560	0
295570	1
295586	0
295596	1
295612	0
296042	1
296058	0
296068	1
296084	0
296094	1
296111	0
296121	1
296137	0
296147	1
296162	0
296173	1
296188	0
296199	1
296215	0
296226	1
296241	0
296252	1
296267	0
296278	1
296293	0
296303	1
296320	0
296330	1
296346	0
296357	1
296372	0
296383	1
296398	0
296409	1
296425	0
296435	1
296451	0
297720	1
297735	0
297745	1
297761	0
297771	1
297787	0
297797	1
297840	0
297850	1
297866	0
297876	1
297892	0
297903	1
297918	0
297929	1
297944	0
297955	1
297970	0
297982	1
297997	0
298008	1
298023	0
298033	1
298049	0
298059	1
298076	0
298086	1
298102	0
298112	1
298128	0
298558	1
298573	0
298584	1
298599	0
298611	1
298626	0
298637	1
298652	0
298663	1
298678	0
298688	1
298705	0
298715	1
298731	0
298741	1
298757	0
298767	1
298784	0
298794	1
298810	0
298820	1
298836	0
298846	1
298862	0
298872	1
298887	0
298899	1
298914	0
298925	1
298940	0
298957	1
298967	0
300235	1
300257	0
300261	1
300277	0
300287	1
300304	0
300314	1
300330	0
300340	1
300356	0
300366	1
300381	0
300393	1
300408	0
300419	1
300434	0
300445	1
300460	0
300471	1
300486	0
300498	1
300513	0
300524	1
300539	0
300549	1
300565	0
300575	1
300592	0
300602	1
300618	0
300628	1
300644	0
301912	1
301929	0
301939	1
301954	0
301965	1
301980	0
301991	1
302006	0
302018	1
302033	0
302044	1
302059	0
302070	1
302085	0
302095	1
302138	0
302148	1
302164	0
302175	1
302190	0
302201	1
302216	0
302228	1
302243	0
302253	1
302269	0
302279	1
302295	0
302305	1
302321	0
303590	1
303605	0
303616	1
303631	0
303643	1
303658	0
303669	1
303684	0
303695	1
303737	0
303747	1
303763	0
303773	1
303788	0
303800	1
303815	0
303826	1
303849	0
303851	1
303867	0
303878	1
303894	0
303904	1
303920	0
303930	1
303946	0
303957	1
303973	0
303983	1
303999	0
305268	1
305283	0
305293	1
305309	0
305319	1
305335	0
305345	1
305362	0
305372	1
305388	0
305398	1
305414	0
305424	1
305440	0
305450	1
305467	0
305477	1
305492	0
305503	1
305519	0
305529	1
305545	0
305555	1
305571	0
305581	1
305598	0
305608	1
305624	0
305634	1
305650	0
305660	1
305675	0
