[µs]	Sample
0	0
77	1
94	0
104	1
120	0
130	1
146	0
156	1
173	0
183	1
199	0
209	1
225	0
235	1
252	0
262	1
278	0
288	1
329	0
340	1
356	0
367	1
382	0
393	1
409	0
418	1
434	0
445	1
461	0
471	1
487	0
497	1
514	0
524	1
540	0
550	1
565	0
576	1
591	0
602	1
617	0
629	1
644	0
655	1
670	0
681	1
696	0
708	1
723	0
733	1
749	0
759	1
775	0
785	1
801	0
811	1
828	0
838	1
854	0
864	1
880	0
890	1
907	0
917	1
933	0
943	1
959	0
969	1
985	0
995	1
1012	0
1022	1
1037	0
1048	1
1071	0
1074	1
1089	0
1101	1
1116	0
1127	1
1142	0
1152	1
1168	0
1178	1
1195	0
1205	1
1221	0
1231	1
1247	0
1257	1
1273	0
1283	1
1300	0
1310	1
1326	0
1336	1
1351	0
1362	1
1377	0
1389	1
1404	0
1415	1
1430	0
1441	1
1456	0
1468	1
1483	0
1493	1
1509	0
1519	1
1535	0
1545	1
1562	0
1572	1
1588	0
1598	1
1614	0
1624	1
1640	0
1650	1
1666	0
1677	1
1692	0
1703	1
1719	0
1729	1
1745	0
1755	1
1771	0
1781	1
1798	0
1808	1
1824	0
1834	1
1850	0
1860	1
1875	0
1886	1
1902	0
1913	1
1928	0
1939	1
1954	0
1965	1
1980	0
1992	1
2007	0
2017	1
2033	0
2043	1
2059	0
2069	1
2086	0
2096	1
2112	0
2122	1
2138	0
2148	1
2165	0
2175	1
2191	0
2201	1
2216	0
2227	1
2242	0
2253	1
2269	0
2280	1
2295	0
2306	1
2321	0
2332	1
2347	0
2357	1
2376	0
2384	1
2400	0
2410	1
2426	0
2436	1
2453	0
2463	1
2479	0
2489	1
2505	0
2515	1
2530	0
2542	1
2557	0
2568	1
2583	0
2594	1
2609	0
2621	1
2636	0
2647	1
2662	0
2673	1
2688	0
2698	1
2714	0
2725	1
2741	0
2751	1
2767	0
2777	1
2793	0
2803	1
2818	0
2830	1
2846	0
2856	1
2871	0
2882	1
2897	0
2909	1
2924	0
2942	1
2950	0
2961	1
2976	0
2987	1
3003	0
3014	1
3029	0
3040	1
3056	0
3066	1
3081	0
3092	1
3107	0
3118	1
3133	0
3145	1
3160	0
3171	1
3186	0
3197	1
3212	0
3224	1
3239	0
3249	1
3265	0
3275	1
3291	0
3301	1
3317	0
3327	1
3344	0
5032	1
5047	0
5057	1
5073	0
5083	1
5100	0
5110	1
5126	0
5136	1
5152	0
5162	1
5177	0
5189	1
5204	0
5215	1
5230	0
5241	1
5256	0
5268	1
5283	0
5294	1
5309	0
5320	1
5335	0
5345	1
5361	0
5372	1
5388	0
5398	1
5414	0
5424	1
5440	0
6708	1
6725	0
6735	1
6750	0
6761	1
6776	0
6787	1
6802	0
6814	1
6829	0
6840	1
6855	0
6866	1
6908	0
6919	1
6934	0
6944	1
6961	0
6970	1
6986	0
6997	1
7012	0
7023	1
7038	0
7050	1
7065	0
7076	1
7091	0
7102	1
7117	0
8385	1
8402	0
8412	1
8428	0
8438	1
8454	0
8464	1
8480	0
8490	1
8507	0
8517	1
8533	0
8543	1
8559	0
8569	1
8584	0
8596	1
8611	0
8622	1
8637	0
8648	1
8663	0
8675	1
8690	0
8701	1
8716	0
8726	1
8742	0
8752	1
8768	0
8778	1
8795	0
9224	1
9240	0
9250	1
9267	0
9277	1
9293	0
9303	1
9319	0
9329	1
9344	0
9356	1
9371	0
9382	1
9397	0
9408	1
9423	0
9435	1
9450	0
9461	1
9476	0
9486	1
9502	0
9512	1
9529	0
9539	1
9555	0
9565	1
9581	0
9591	1
9608	0
9618	1
9633	0
10063	1
10078	0
10090	1
10105	0
10116	1
10131	0
10142	1
10157	0
10167	1
10184	0
10194	1
10210	0
10220	1
10236	0
10246	1
10263	0
10273	1
10288	0
10298	1
10315	0
10325	1
10341	0
10351	1
10367	0
10377	1
10394	0
10404	1
10420	0
10430	1
10445	0
10456	1
10471	0
10902	1
10917	0
10928	1
10944	0
10955	1
10970	0
10980	1
10995	0
11007	1
11022	0
11033	1
11048	0
11059	1
11074	0
11086	1
11101	0
11112	1
11127	0
11137	1
11153	0
11163	1
11180	0
11190	1
11206	0
11216	1
11232	0
11242	1
11258	0
11268	1
11285	0
11295	1
11311	0
12579	1
12594	0
12606	1
12621	0
12632	1
12647	0
12657	1
12673	0
12683	1
12700	0
12710	1
12726	0
12736	1
12752	0
12762	1
12778	0
12788	1
12805	0
12815	1
12831	0
12841	1
12857	0
12867	1
12909	0
12920	1
12935	0
12946	1
12961	0
12972	1
12987	0
13417	1
13433	0
13443	1
13467	0
13470	1
13486	0
13496	1
13512	0
13522	1
13538	0
13548	1
13565	0
13575	1
13591	0
13601	1
13617	0
13627	1
13644	0
13654	1
13669	0
13680	1
13695	0
13706	1
13721	0
13732	1
13747	0
13759	1
13774	0
13785	1
13800	0
13810	1
13826	0
14257	1
14272	0
14283	1
14298	0
14308	1
14324	0
14334	1
14351	0
14361	1
14377	0
14387	1
14403	0
14413	1
14430	0
14440	1
14456	0
14466	1
14482	0
14492	1
14508	0
14518	1
14533	0
14545	1
14560	0
14571	1
14586	0
14597	1
14612	0
14624	1
14639	0
14650	1
14665	0
15934	1
15949	0
15959	1
15975	0
15986	1
16002	0
16012	1
16029	0
16039	1
16054	0
16065	1
16080	0
16090	1
16107	0
16117	1
16133	0
16158	1
16159	0
16170	1
16185	0
16196	1
16212	0
16222	1
16238	0
16249	1
16264	0
16274	1
16290	0
16300	1
16316	0
16326	1
16343	0
17611	1
17627	0
17637	1
17652	0
17663	1
17678	0
17690	1
17705	0
17716	1
17731	0
17742	1
17757	0
17769	1
17784	0
17795	1
17810	0
17820	1
17836	0
17846	1
17863	0
17873	1
17889	0
17899	1
17915	0
17925	1
17941	0
17951	1
17968	0
17978	1
17994	0
18004	1
18019	0
18449	1
18465	0
18476	1
18491	0
18502	1
18517	0
18528	1
18544	0
18555	1
18570	0
18580	1
18596	0
18606	1
18622	0
18633	1
18649	0
18659	1
18675	0
18685	1
18701	0
18711	1
18728	0
18738	1
18754	0
18770	1
18779	0
18790	1
18806	0
18816	1
18832	0
18843	1
18858	0
20127	1
20143	0
20153	1
20169	0
20179	1
20194	0
20205	1
20220	0
20232	1
20247	0
20258	1
20273	0
20284	1
20299	0
20311	1
20326	0
20337	1
20352	0
20362	1
20378	0
20388	1
20405	0
20415	1
20431	0
20441	1
20457	0
20467	1
20483	0
20493	1
20510	0
20520	1
20536	0
20965	1
20982	0
20992	1
21007	0
21018	1
21033	0
21044	1
21059	0
21071	1
21086	0
21097	1
21112	0
21123	1
21138	0
21149	1
21164	0
21174	1
21191	0
21201	1
21217	0
21227	1
21243	0
21253	1
21270	0
21280	1
21296	0
21306	1
21322	0
21332	1
21349	0
21359	1
21375	0
21804	1
21820	0
21830	1
21846	0
21856	1
21873	0
21883	1
21899	0
21909	1
21924	0
21935	1
21950	0
21962	1
21977	0
21988	1
22003	0
22014	1
22029	0
22040	1
22055	0
22065	1
22082	0
22092	1
22109	0
22118	1
22134	0
22145	1
22160	0
22171	1
22186	0
22197	1
22213	0
23481	1
23497	0
23507	1
23524	0
23545	1
23549	0
23559	1
23576	0
23586	1
23602	0
23612	1
23628	0
23638	1
23654	0
23665	1
23681	0
23691	1
23707	0
23717	1
23733	0
23743	1
23760	0
23770	1
23785	0
23796	1
23811	0
23822	1
23837	0
23849	1
23864	0
23875	1
23890	0
25159	1
25174	0
25185	1
25200	0
25212	1
25227	0
25238	1
25253	0
25263	1
25279	0
25289	1
25305	0
25315	1
25332	0
25342	1
25358	0
25395	1
25410	0
25421	1
25437	0
25446	1
25463	0
25473	1
25488	0
25499	1
25515	0
25525	1
25541	0
25551	1
25568	0
25997	1
26012	0
26024	1
26039	0
26050	1
26065	0
26076	1
26091	0
26102	1
26117	0
26128	1
26143	0
26155	1
26170	0
26181	1
26196	0
26207	1
26222	0
26234	1
26249	0
26259	1
26275	0
26285	1
26301	0
26311	1
26328	0
26338	1
26354	0
26364	1
26380	0
26390	1
26406	0
27674	1
27690	0
27700	1
27717	0
27727	1
27743	0
27753	1
27769	0
27779	1
27795	0
27806	1
27822	0
27832	1
27847	0
27858	1
27873	0
27884	1
27899	0
27911	1
27926	0
27937	1
27952	0
27963	1
27978	0
27988	1
28005	0
28015	1
28031	0
28042	1
28057	0
28068	1
28084	0
29352	1
29367	0
29378	1
29394	0
29404	1
29420	0
29431	1
29446	0
29456	1
29472	0
29482	1
29499	0
29509	1
29525	0
29535	1
29551	0
29561	1
29578	0
29588	1
29604	0
29614	1
29630	0
29640	1
29655	0
29666	1
29681	0
29693	1
29708	0
29719	1
29734	0
29745	1
29760	0
30191	1
30206	0
30217	1
30232	0
30243	1
30258	0
30270	1
30285	0
30296	1
30311	0
30321	1
30337	0
30347	1
30363	0
30373	1
30390	0
30400	1
30416	0
30426	1
30442	0
30452	1
30469	0
30479	1
30495	0
30505	1
30520	0
30531	1
30546	0
30558	1
30573	0
30584	1
30599	0
31029	1
31044	0
31056	1
31071	0
31082	1
31097	0
31108	1
31123	0
31134	1
31149	0
31161	1
31176	0
31186	1
31202	0
31212	1
31228	0
31238	1
31255	0
31265	1
31281	0
31291	1
31307	0
31317	1
31333	0
31344	1
31359	0
31370	1
31385	0
31396	1
31437	0
32706	1
32721	0
32733	1
32748	0
32759	1
32774	0
32785	1
32800	0
32812	1
32827	0
32838	1
32853	0
32863	1
32879	0
32889	1
32906	0
32916	1
32932	0
32942	1
32958	0
32968	1
32984	0
32994	1
33011	0
33021	1
33037	0
33047	1
33062	0
33073	1
33088	0
33100	1
33115	0
33545	1
33561	0
33571	1
33587	0
33597	1
33614	0
33624	1
33640	0
33650	1
33665	0
33676	1
33691	0
33702	1
33718	0
33729	1
33744	0
33755	1
33770	0
33781	1
33796	0
33806	1
33823	0
33833	1
33849	0
33859	1
33875	0
33885	1
33902	0
33912	1
33928	0
33938	1
33954	0
34384	1
34400	0
34410	1
34425	0
34436	1
34451	0
34463	1
34478	0
34489	1
34504	0
34515	1
34530	0
34541	1
34556	0
34593	1
34609	0
34620	1
34635	0
34646	1
34661	0
34672	1
34688	0
34698	1
34713	0
34725	1
34740	0
34751	1
34766	0
34777	1
34792	0
36061	1
36076	0
36088	1
36103	0
36113	1
36129	0
36139	1
36155	0
36165	1
36182	0
36192	1
36208	0
36218	1
36234	0
36244	1
36260	0
36270	1
36287	0
36297	1
36312	0
36323	1
36338	0
36349	1
36364	0
36376	1
36391	0
36402	1
36417	0
36428	1
36443	0
36453	1
36470	0
36900	1
36915	0
36926	1
36941	0
36952	1
36967	0
36979	1
36994	0
37004	1
37020	0
37030	1
37046	0
37056	1
37073	0
37083	1
37099	0
37109	1
37125	0
37135	1
37152	0
37162	1
37178	0
37188	1
37203	0
37214	1
37229	0
37240	1
37256	0
37267	1
37282	0
37293	1
37308	0
37738	1
37753	0
37765	1
37780	0
37791	1
37806	0
37817	1
37832	0
37844	1
37859	0
37869	1
37885	0
37895	1
37911	0
37921	1
37937	0
37947	1
37966	0
37974	1
37990	0
38000	1
38015	0
38027	1
38042	0
38053	1
38068	0
38079	1
38094	0
38105	1
38120	0
38132	1
38147	0
38577	1
38593	0
38602	1
38619	0
38630	1
38644	0
38656	1
38671	0
38682	1
38697	0
38708	1
38723	0
38735	1
38750	0
38761	1
38776	0
38786	1
38802	0
38812	1
38828	0
38838	1
38855	0
38865	1
38881	0
38891	1
38907	0
38917	1
38934	0
38944	1
38960	0
38970	1
38985	0
39429	1
39431	0
39441	1
39458	0
39468	1
39484	0
39494	1
39509	0
39521	1
39562	0
39573	1
39588	0
39599	1
39615	0
39625	1
39641	0
39651	1
39667	0
39677	1
39693	0
39703	1
39720	0
39730	1
39746	0
39756	1
39771	0
39782	1
39797	0
39809	1
39824	0
40253	1
40270	0
40280	1
40296	0
40306	1
40322	0
40332	1
40349	0
40359	1
40375	0
40385	1
40401	0
40411	1
40426	0
40438	1
40453	0
40464	1
40479	0
40490	1
40505	0
40517	1
40532	0
40543	1
40558	0
40568	1
40584	0
40594	1
40613	0
40621	1
40637	0
40647	1
40663	0
41093	1
41108	0
41119	1
41134	0
41145	1
41161	0
41179	1
41188	0
41197	1
41213	0
41224	1
41239	0
41250	1
41266	0
41276	1
41292	0
41302	1
41318	0
41328	1
41345	0
41355	1
41371	0
41381	1
41397	0
41407	1
41423	0
41433	1
41448	0
41460	1
41475	0
41486	1
41501	0
41931	1
41946	0
41958	1
41973	0
41984	1
41999	0
42010	1
42025	0
42037	1
42052	0
42063	1
42078	0
42089	1
42104	0
42114	1
42130	0
42140	1
42157	0
42167	1
42183	0
42193	1
42209	0
42219	1
42236	0
42246	1
42262	0
42272	1
42288	0
42298	1
42313	0
42325	1
42340	0
42769	1
42786	0
42796	1
42812	0
42822	1
42838	0
42848	1
42865	0
42875	1
42891	0
42901	1
42917	0
42927	1
42942	0
42954	1
42969	0
42980	1
42995	0
43006	1
43021	0
43032	1
43047	0
43059	1
43074	0
43085	1
43100	0
43110	1
43126	0
43136	1
43153	0
43163	1
43179	0
43608	1
43624	0
43634	1
43651	0
43661	1
43677	0
43687	1
43703	0
43713	1
43730	0
43740	1
43756	0
43766	1
43781	0
43800	1
43808	0
43819	1
43834	0
43845	1
43860	0
43870	1
43887	0
43898	1
43912	0
43924	1
43939	0
43950	1
43965	0
43976	1
43991	0
44001	1
44017	0
44447	1
44463	0
44473	1
44488	0
44500	1
44516	0
44526	1
44542	0
44552	1
44567	0
44578	1
44593	0
44605	1
44620	0
44631	1
44646	0
44657	1
44672	0
44684	1
44699	0
44710	1
44725	0
44735	1
44751	0
44761	1
44778	0
44788	1
44804	0
44814	1
44830	0
44840	1
44856	0
45286	1
45302	0
45312	1
45328	0
45338	1
45354	0
45364	1
45381	0
45391	1
45406	0
45417	1
45432	0
45443	1
45458	0
45470	1
45485	0
45496	1
45511	0
45522	1
45537	0
45549	1
45564	0
45574	1
45590	0
45600	1
45616	0
45626	1
45643	0
45653	1
45669	0
45679	1
45695	0
46125	1
46140	0
46151	1
46166	0
46177	1
46192	0
46204	1
46219	0
46229	1
46245	0
46255	1
46271	0
46281	1
46298	0
46308	1
46324	0
46334	1
46350	0
46360	1
46377	0
46387	1
46402	0
46413	1
46428	0
46443	1
46455	0
46466	1
46481	0
46491	1
46507	0
46517	1
46534	0
46963	1
46979	0
46989	1
47004	0
47016	1
47031	0
47042	1
47057	0
47068	1
47083	0
47095	1
47110	0
47121	1
47136	0
47146	1
47162	0
47177	1
47189	0
47199	1
47215	0
47225	1
47241	0
47251	1
47268	0
47278	1
47294	0
47304	1
47319	0
47330	1
47345	0
47356	1
47371	0
47802	1
47818	0
47828	1
47844	0
47855	1
47870	0
47881	1
47897	0
47907	1
47923	0
47933	1
47949	0
47959	1
47974	0
47985	1
48000	0
48012	1
48027	0
48038	1
48053	0
48064	1
48079	0
48091	1
48106	0
48117	1
48132	0
48142	1
48158	0
48168	1
48185	0
48195	1
48211	0
48640	1
48655	0
48667	1
48682	0
48693	1
48708	0
48719	1
48734	0
48746	1
48761	0
48772	1
48787	0
48798	1
48813	0
48825	1
48840	0
48850	1
48866	0
48876	1
48892	0
48902	1
48918	0
48928	1
48945	0
48955	1
48971	0
48981	1
48997	0
49007	1
49022	0
49034	1
49049	0
49479	1
49495	0
49505	1
49521	0
49531	1
49548	0
49558	1
49573	0
49584	1
49599	0
49610	1
49625	0
49637	1
49652	0
49663	1
49678	0
49689	1
49704	0
49716	1
49731	0
49741	1
49757	0
49767	1
49783	0
49793	1
49809	0
49819	1
49836	0
49846	1
49862	0
49872	1
49887	0
50318	1
50333	0
50344	1
50359	0
50371	1
50386	0
50396	1
50413	0
50422	1
50438	0
50449	1
50465	0
50475	1
50491	0
50501	1
50517	0
50527	1
50543	0
50554	1
50569	0
50580	1
50595	0
50606	1
50621	0
50633	1
50648	0
50659	1
50674	0
50684	1
50700	0
50710	1
50727	0
51156	1
51172	0
51183	1
51199	0
51209	1
51224	0
51235	1
51250	0
51261	1
51276	0
51288	1
51303	0
51314	1
51329	0
51340	1
51355	0
51367	1
51382	0
51392	1
51408	0
51418	1
51434	0
51444	1
51461	0
51471	1
51487	0
51497	1
51513	0
51523	1
51539	0
51549	1
51565	0
51995	1
52011	0
52021	1
52037	0
52047	1
52064	0
52074	1
52089	0
52100	1
52115	0
52126	1
52141	0
52153	1
52168	0
52179	1
52194	0
52205	1
52220	0
52231	1
52246	0
52257	1
52273	0
52283	1
52299	0
52309	1
52325	0
52335	1
52352	0
52362	1
52378	0
52388	1
52404	0
52834	1
52849	0
52859	1
52876	0
52886	1
52902	0
52912	1
52928	0
52938	1
52954	0
52964	1
52981	0
52991	1
53011	0
53017	1
53033	0
53044	1
53058	0
53070	1
53085	0
53096	1
53111	0
53122	1
53137	0
53149	1
53164	0
53175	1
53190	0
53201	1
53216	0
53226	1
53242	0
54511	1
54527	0
54537	1
54553	0
54563	1
54580	0
54590	1
54605	0
54616	1
54631	0
54642	1
54657	0
54669	1
54684	0
54695	1
54710	0
54721	1
54736	0
54746	1
54762	0
54772	1
54789	0
54799	1
54815	0
54825	1
54841	0
54851	1
54893	0
54903	1
54920	0
55350	1
55365	0
55376	1
55391	0
55402	1
55427	0
55428	1
55444	0
55454	1
55470	0
55480	1
55497	0
55507	1
55523	0
55533	1
55549	0
55559	1
55575	0
55585	1
55602	0
55612	1
55628	0
55638	1
55654	0
55663	1
55679	0
55690	1
55706	0
55716	1
55759	0
56214	1
56236	0
56241	1
56282	0
56293	1
56309	0
56346	1
56366	0
56371	1
56413	0
56424	1
56440	0
56465	1
56467	0
56491	1
56492	0
56529	1
56545	0
56555	1
56571	0
56592	1
56598	0
57027	1
57043	0
57053	1
57068	0
57079	1
57094	0
57106	1
57121	0
57132	1
57147	0
57158	1
57173	0
57185	1
57200	0
57210	1
57226	0
57236	1
57252	0
57262	1
57279	0
57289	1
57305	0
57315	1
57331	0
57341	1
57357	0
57367	1
57384	0
57394	1
57409	0
57420	1
57435	0
57865	1
57882	0
57892	1
57908	0
57918	1
57933	0
57944	1
57959	0
57971	1
57986	0
57997	1
58012	0
58023	1
58038	0
58050	1
58065	0
58075	1
58091	0
58101	1
58117	0
58127	1
58143	0
58153	1
58170	0
58180	1
58196	0
58206	1
58222	0
58232	1
58249	0
58259	1
58274	0
58704	1
58720	0
58730	1
58746	0
58756	1
58772	0
58782	1
58799	0
58809	1
58825	0
58835	1
58851	0
58861	1
58876	0
58887	1
58904	0
58914	1
58929	0
58940	1
58955	0
58966	1
58982	0
58993	1
59008	0
59018	1
59035	0
59045	1
59061	0
59071	1
59087	0
59097	1
59113	0
60381	1
60397	0
60407	1
60424	0
60434	1
60450	0
60460	1
60476	0
60486	1
60501	0
60513	1
60528	0
60539	1
60554	0
60565	1
60580	0
60591	1
60607	0
60618	1
60633	0
60643	1
60659	0
60669	1
60685	0
60695	1
60712	0
60722	1
60738	0
60748	1
60764	0
60774	1
60791	0
61220	1
61236	0
61246	1
61262	0
61272	1
61288	0
61298	1
61315	0
61325	1
61341	0
61351	1
61367	0
61377	1
61392	0
61404	1
61419	0
61430	1
61445	0
61456	1
61471	0
61483	1
61498	0
61509	1
61524	0
61535	1
61550	0
61561	1
61577	0
61588	1
61603	0
61613	1
61629	0
62059	1
62074	0
62085	1
62100	0
62111	1
62126	0
62138	1
62153	0
62164	1
62179	0
62189	1
62205	0
62215	1
62238	0
62242	1
62258	0
62268	1
62284	0
62294	1
62310	0
62320	1
62337	0
62347	1
62363	0
62373	1
62389	0
62399	1
62416	0
62426	1
62441	0
62452	1
62467	0
63736	1
63751	0
63763	1
63778	0
63789	1
63804	0
63814	1
63830	0
63840	1
63857	0
63867	1
63883	0
63893	1
63909	0
63919	1
63936	0
63946	1
63962	0
63972	1
63988	0
63998	1
64013	0
64024	1
64039	0
64051	1
64066	0
64077	1
64092	0
64103	1
64118	0
64130	1
64145	0
64574	1
64590	0
64600	1
64617	0
64627	1
64643	0
64653	1
64669	0
64679	1
64696	0
64706	1
64721	0
64732	1
64747	0
64758	1
64773	0
64785	1
64800	0
64811	1
64826	0
64837	1
64852	0
64895	1
64905	0
64915	1
64936	0
64941	1
64957	0
64967	1
64983	0
65413	1
65429	0
65439	1
65456	0
65466	1
65482	0
65492	1
65508	0
65519	1
65533	0
65544	1
65561	0
65570	1
65586	0
65597	1
65612	0
65623	1
65638	0
65648	1
65665	0
65675	1
65691	0
65701	1
65717	0
65727	1
65744	0
65754	1
65770	0
65780	1
65796	0
65806	1
65823	0
66251	1
66267	0
66278	1
66293	0
66305	1
66320	0
66331	1
66346	0
66356	1
66372	0
66382	1
66399	0
66409	1
66425	0
66435	1
66451	0
66461	1
66478	0
66488	1
66504	0
66514	1
66530	0
66540	1
66556	0
66566	1
66581	0
66593	1
66608	0
66619	1
66634	0
66645	1
66660	0
67091	1
67106	0
67117	1
67132	0
67143	1
67158	0
67170	1
67185	0
67196	1
67211	0
67221	1
67237	0
67247	1
67264	0
67274	1
67290	0
67300	1
67316	0
67326	1
67342	0
67352	1
67369	0
67379	1
67395	0
67405	1
67420	0
67431	1
67446	0
67458	1
67473	0
67484	1
67499	0
67929	1
67944	0
67956	1
67971	0
67982	1
67997	0
68008	1
68023	0
68035	1
68050	0
68061	1
68076	0
68086	1
68102	0
68117	1
68128	0
68139	1
68155	0
68166	1
68181	0
68191	1
68206	0
68217	1
68233	0
68243	1
68259	0
68269	1
68286	0
68296	1
68312	0
68322	1
68338	0
68768	1
68784	0
68794	1
68809	0
68820	1
68835	0
68847	1
68862	0
68872	1
68888	0
68899	1
68914	0
68925	1
68940	0
68951	1
68967	0
68978	1
68993	0
69004	1
69019	0
69030	1
69045	0
69055	1
69072	0
69082	1
69098	0
69108	1
69124	0
69134	1
69151	0
69161	1
69177	0
69607	1
69622	0
69633	1
69648	0
69659	1
69674	0
69686	1
69701	0
69712	1
69727	0
69737	1
69753	0
69763	1
69779	0
69790	1
69806	0
69816	1
69832	0
69842	1
69858	0
69868	1
69885	0
69895	1
69910	0
69921	1
69936	0
69947	1
69962	0
69974	1
69989	0
70000	1
70015	0
70445	1
70460	0
70471	1
70486	0
70498	1
70513	0
70524	1
70539	0
70602	1
70618	0
70628	1
70644	0
70655	1
70670	0
70680	1
70697	0
70707	1
70723	0
70733	1
70749	0
70759	1
70802	0
70813	1
70828	0
70838	1
70853	0
71284	1
71299	0
71310	1
71325	0
71335	1
71352	0
71362	1
71378	0
71388	1
71405	0
71426	1
71430	0
71441	1
71456	0
71467	1
71482	0
71494	1
71509	0
71520	1
71535	0
71560	1
71562	0
71572	1
71587	0
71598	1
71613	0
71625	1
71640	0
71651	1
71666	0
71677	1
71692	0
72148	1
72164	0
72174	1
72190	0
72200	1
72217	0
72227	1
72243	0
72253	1
72269	0
72279	1
72296	0
72306	1
72322	0
72332	1
72347	0
72358	1
72373	0
72385	1
72400	0
72411	1
72426	0
72437	1
72452	0
72464	1
72479	0
72490	1
72505	0
72516	1
72531	0
72960	1
72977	0
72987	1
73003	0
73013	1
73029	0
73039	1
73056	0
73066	1
73082	0
73092	1
73108	0
73118	1
73133	0
73145	1
73160	0
73171	1
73186	0
73197	1
73212	0
73224	1
73239	0
73250	1
73265	0
73275	1
73291	0
73301	1
73317	0
73328	1
73344	0
73354	1
73370	0
73799	1
73816	0
73826	1
73842	0
73852	1
73867	0
73878	1
73893	0
73905	1
73920	0
73931	1
73946	0
73957	1
73972	0
73984	1
73999	0
74010	1
74025	0
74035	1
74051	0
74061	1
74078	0
74088	1
74104	0
74114	1
74130	0
74140	1
74156	0
74166	1
74182	0
74193	1
74208	0
74638	1
74654	0
74665	1
74680	0
74691	1
74706	0
74717	1
74733	0
74769	1
74785	0
74796	1
74811	0
74822	1
74837	0
74848	1
74891	0
74900	1
74915	0
74927	1
74942	0
74953	1
74968	0
74979	1
74994	0
75006	1
75021	0
75032	1
75047	0
76316	1
76331	0
76342	1
76357	0
76369	1
76384	0
76394	1
76410	0
76420	1
76436	0
76446	1
76462	0
76472	1
76489	0
76499	1
76515	0
76525	1
76541	0
76551	1
76566	0
76578	1
76593	0
76604	1
76619	0
76630	1
76645	0
76657	1
76672	0
76683	1
76698	0
76709	1
76724	0
77993	1
78008	0
78019	1
78035	0
78046	1
78061	0
78071	1
78087	0
78097	1
78113	0
78123	1
78139	0
78149	1
78166	0
78176	1
78192	0
78202	1
78218	0
78228	1
78245	0
78255	1
78271	0
78281	1
78297	0
78307	1
78322	0
78334	1
78349	0
78360	1
78375	0
78386	1
78401	0
78831	1
78848	0
78858	1
78873	0
78884	1
78899	0
78910	1
78925	0
78937	1
78952	0
78963	1
78978	0
78989	1
79004	0
79015	1
79030	0
79041	1
79057	0
79067	1
79083	0
79093	1
79109	0
79119	1
79136	0
79146	1
79162	0
79172	1
79188	0
79198	1
79215	0
79225	1
79240	0
79670	1
79686	0
79696	1
79712	0
79722	1
79739	0
79749	1
79764	0
79775	1
79790	0
79801	1
79816	0
79828	1
79843	0
79854	1
79869	0
79880	1
79895	0
79905	1
79922	0
79932	1
79948	0
79958	1
79974	0
79984	1
80001	0
80011	1
80027	0
80044	1
80052	0
80063	1
80079	0
80508	1
80525	0
80535	1
80551	0
80561	1
80576	0
80588	1
80603	0
80614	1
80629	0
80639	1
80656	0
80666	1
80682	0
80692	1
80708	0
80719	1
80734	0
80744	1
80761	0
80771	1
80786	0
80797	1
80813	0
80823	1
80839	0
80849	1
80865	0
80875	1
80892	0
80902	1
80918	0
81361	1
81364	0
81373	1
81390	0
81400	1
81415	0
81426	1
81441	0
81452	1
81468	0
81478	1
81495	0
81505	1
81520	0
81531	1
81546	0
81557	1
81572	0
81584	1
81599	0
81610	1
81625	0
81636	1
81651	0
81661	1
81678	0
81688	1
81704	0
81714	1
81730	0
81740	1
81756	0
82186	1
82202	0
82212	1
82228	0
82238	1
82254	0
82264	1
82281	0
82291	1
82307	0
82317	1
82333	0
82343	1
82358	0
82370	1
82385	0
82396	1
82411	0
82422	1
82437	0
82448	1
82464	0
82475	1
82490	0
82500	1
82516	0
82526	1
82542	0
82552	1
82569	0
82579	1
82595	0
83025	1
83040	0
83050	1
83067	0
83077	1
83093	0
83103	1
83119	0
83129	1
83145	0
83155	1
83172	0
83182	1
83198	0
83208	1
83223	0
83234	1
83249	0
83261	1
83276	0
83287	1
83302	0
83313	1
83328	0
83340	1
83355	0
83366	1
83381	0
83391	1
83407	0
83418	1
83433	0
83863	1
83879	0
83889	1
83905	0
83916	1
83932	0
83942	1
83958	0
83974	1
83983	0
83994	1
84010	0
84021	1
84036	0
84047	1
84062	0
84073	1
84089	0
84099	1
84115	0
84125	1
84141	0
84151	1
84167	0
84177	1
84194	0
84204	1
84220	0
84230	1
84246	0
84256	1
84273	0
84702	1
84717	0
84728	1
84743	0
84755	1
84770	0
84781	1
84796	0
84807	1
84822	0
84832	1
84849	0
84859	1
84901	0
84911	1
84928	0
84938	1
84954	0
84964	1
84980	0
84990	1
85006	0
85016	1
85031	0
85043	1
85058	0
85069	1
85084	0
85095	1
85110	0
86380	1
86395	0
86405	1
86421	0
86431	1
86447	0
86457	1
86474	0
86484	1
86500	0
86510	1
86526	0
86536	1
86553	0
86563	1
86579	0
86589	1
86604	0
86620	1
86631	0
86642	1
86656	0
86667	1
86684	0
86694	1
86709	0
86720	1
86736	0
86746	1
86762	0
86772	1
86788	0
87218	1
87233	0
87244	1
87259	0
87271	1
87286	0
87297	1
87312	0
87323	1
87338	0
87348	1
87364	0
87375	1
87390	0
87402	1
87443	0
87453	1
87470	0
87480	1
87496	0
87506	1
87522	0
87532	1
87553	0
87558	1
87575	0
87585	1
87601	0
87611	1
87626	0
88056	1
88073	0
88083	1
88099	0
88109	1
88125	0
88135	1
88150	0
88161	1
88176	0
88188	1
88203	0
88214	1
88229	0
88240	1
88255	0
88267	1
88282	0
88293	1
88308	0
88318	1
88334	0
88344	1
88361	0
88371	1
88387	0
88397	1
88413	0
88423	1
88439	0
88449	1
88466	0
88895	1
88910	0
88922	1
88937	0
88948	1
88963	0
88974	1
88989	0
89001	1
89016	0
89026	1
89042	0
89052	1
89068	0
89078	1
89095	0
89105	1
89121	0
89131	1
89147	0
89157	1
89172	0
89184	1
89199	0
89210	1
89225	0
89236	1
89251	0
89268	1
89278	0
89289	1
89304	0
89734	1
89749	0
89760	1
89775	0
89786	1
89802	0
89813	1
89828	0
89839	1
89854	0
89865	1
89880	0
89890	1
89907	0
89917	1
89933	0
89943	1
89959	0
89969	1
89986	0
89996	1
90011	0
90022	1
90038	0
90049	1
90064	0
90074	1
90090	0
90100	1
90116	0
90126	1
90143	0
90583	1
90589	0
90598	1
90614	0
90625	1
90640	0
90650	1
90667	0
90677	1
90693	0
90703	1
90719	0
90729	1
90746	0
90756	1
90772	0
90782	1
90798	0
90808	1
90824	0
90834	1
90850	0
90861	1
90876	0
90887	1
90902	0
90913	1
90928	0
90940	1
90955	0
90966	1
90981	0
91411	1
91427	0
91437	1
91452	0
91464	1
91479	0
91490	1
91505	0
91516	1
91531	0
91543	1
91558	0
91568	1
91584	0
91594	1
91610	0
91620	1
91637	0
91647	1
91663	0
91673	1
91689	0
91699	1
91715	0
91725	1
91742	0
91752	1
91767	0
91778	1
91793	0
91804	1
91819	0
92250	1
92266	0
92276	1
92291	0
92302	1
92317	0
92329	1
92344	0
92355	1
92370	0
92381	1
92396	0
92407	1
92422	0
92434	1
92449	0
92459	1
92475	0
92485	1
92501	0
92511	1
92528	0
92538	1
92554	0
92564	1
92580	0
92590	1
92607	0
92617	1
92632	0
92643	1
92659	0
93089	1
93104	0
93115	1
93130	0
93141	1
93156	0
93167	1
93182	0
93193	1
93209	0
93219	1
93236	0
93246	1
93261	0
93272	1
93287	0
93298	1
93313	0
93325	1
93340	0
93351	1
93366	0
93377	1
93392	0
93402	1
93418	0
93429	1
93445	0
93455	1
93471	0
93481	1
93497	0
93927	1
93943	0
93953	1
93969	0
93979	1
93996	0
94006	1
94021	0
94032	1
94047	0
94058	1
94073	0
94084	1
94099	0
94111	1
94126	0
94137	1
94152	0
94163	1
94178	0
94188	1
94205	0
94215	1
94231	0
94241	1
94257	0
94267	1
94284	0
94294	1
94310	0
94320	1
94336	0
94766	1
94781	0
94792	1
94807	0
94818	1
94833	0
94845	1
94888	0
94896	1
94913	0
94923	1
94939	0
94949	1
94965	0
94975	1
94990	0
95002	1
95017	0
95028	1
95043	0
95054	1
95069	0
95081	1
95096	0
95107	1
95122	0
95133	1
95148	0
95158	1
95174	0
95604	1
95619	0
95631	1
95646	0
95657	1
95672	0
95683	1
95698	0
95710	1
95725	0
95736	1
95751	0
95761	1
95777	0
95787	1
95803	0
95813	1
95830	0
95840	1
95856	0
95870	1
95882	0
95893	1
95908	0
95919	1
95934	0
95945	1
95961	0
95972	1
95987	0
95997	1
96012	0
96443	1
96458	0
96469	1
96485	0
96496	1
96511	0
96522	1
96537	0
96547	1
96563	0
96573	1
96590	0
96600	1
96616	0
96626	1
96642	0
96652	1
96669	0
96679	1
96695	0
96705	1
96721	0
96731	1
96746	0
96757	1
96773	0
96784	1
96799	0
96810	1
96825	0
96836	1
96851	0
97282	1
97297	0
97307	1
97323	0
97333	1
97350	0
97360	1
97376	0
97386	1
97402	0
97412	1
97429	0
97439	1
97455	0
97465	1
97481	0
97491	1
97506	0
97517	1
97533	0
97544	1
97559	0
97570	1
97585	0
97596	1
97611	0
97623	1
97638	0
97649	1
97664	0
97674	1
97690	0
98120	1
98135	0
98147	1
98162	0
98173	1
98188	0
98199	1
98214	0
98226	1
98241	0
98251	1
98267	0
98277	1
98293	0
98303	1
98320	0
98330	1
98346	0
98356	1
98372	0
98382	1
98398	0
98408	1
98424	0
98435	1
98450	0
98461	1
98477	0
98488	1
98503	0
98513	1
98528	0
98959	1
98975	0
98985	1
99001	0
99011	1
99026	0
99038	1
99053	0
99064	1
99079	0
99090	1
99105	0
99116	1
99131	0
99143	1
99158	0
99169	1
99184	0
99194	1
99216	0
99221	1
99236	0
99248	1
99263	0
99273	1
99289	0
99299	1
99315	0
99325	1
99342	0
99352	1
99368	0
99797	1
99813	0
99823	1
99840	0
99850	1
99866	0
99876	1
99892	0
99902	1
99918	0
99928	1
99943	0
99955	1
99970	0
99981	1
99996	0
100007	1
100022	0
100034	1
100049	0
100060	1
100075	0
100086	1
100101	0
100111	1
100128	0
100138	1
100154	0
100164	1
100180	0
100190	1
100206	0
100636	1
100651	0
100663	1
100678	0
100689	1
100704	0
100715	1
100730	0
100740	1
100757	0
100767	1
100783	0
100793	1
100809	0
100819	1
100835	0
100845	1
100862	0
100872	1
100888	0
100898	1
100914	0
100924	1
100939	0
100951	1
100966	0
100977	1
100992	0
101003	1
101018	0
101030	1
101045	0
101474	1
101491	0
101501	1
101517	0
101527	1
101543	0
101553	1
101568	0
101580	1
101595	0
101606	1
101621	0
101632	1
101647	0
101658	1
101674	0
101685	1
101700	0
101711	1
101726	0
101736	1
101752	0
101762	1
101779	0
101789	1
101805	0
101815	1
101831	0
101842	1
101857	0
101867	1
101884	0
102313	1
102329	0
102339	1
102356	0
102366	1
102381	0
102399	1
102408	0
102418	1
102434	0
102445	1
102460	0
102470	1
102487	0
102498	1
102512	0
102523	1
102538	0
102550	1
102565	0
102575	1
102591	0
102601	1
102617	0
102627	1
102644	0
102654	1
102670	0
102680	1
102696	0
102706	1
102723	0
103153	1
103168	0
103178	1
103194	0
103204	1
103221	0
103231	1
103246	0
103257	1
103272	0
103283	1
103298	0
103309	1
103324	0
103336	1
103351	0
103362	1
103377	0
103388	1
103403	0
103440	1
103456	0
103466	1
103483	0
103493	1
103509	0
103519	1
103534	0
103556	1
103560	0
103990	1
104006	0
104016	1
104033	0
104043	1
104059	0
104069	1
104085	0
104095	1
104111	0
104122	1
104138	0
104148	1
104163	0
104174	1
104189	0
104200	1
104216	0
104227	1
104242	0
104253	1
104268	0
104279	1
104294	0
104306	1
104321	0
104331	1
104347	0
104357	1
104373	0
104383	1
104400	0
104829	1
104845	0
104855	1
104897	0
104907	1
104924	0
104934	1
104950	0
104960	1
104976	0
104986	1
105003	0
105013	1
105029	0
105039	1
105054	0
105065	1
105081	0
105091	1
105106	0
105117	1
105134	0
105144	1
105159	0
105170	1
105185	0
105196	1
105212	0
105223	1
105238	0
105667	1
105684	0
105694	1
105710	0
105720	1
105736	0
105746	1
105763	0
105773	1
105789	0
105799	1
105819	0
105826	1
105840	0
105852	1
105867	0
105878	1
105893	0
105904	1
105919	0
105929	1
105946	0
105956	1
105972	0
105982	1
105998	0
106008	1
106025	0
106035	1
106051	0
106061	1
106077	0
106507	1
106522	0
106533	1
106548	0
106559	1
106574	0
106586	1
106601	0
106612	1
106627	0
106638	1
106653	0
106663	1
106679	0
106689	1
106706	0
106716	1
106732	0
106742	1
106758	0
106768	1
106785	0
106795	1
106811	0
106821	1
106837	0
106847	1
106862	0
106874	1
106889	0
106900	1
106915	0
107346	1
107361	0
107372	1
107387	0
107397	1
107413	0
107423	1
107440	0
107450	1
107466	0
107476	1
107492	0
107502	1
107519	0
107529	1
107545	0
107555	1
107570	0
107581	1
107596	0
107607	1
107623	0
107634	1
107649	0
107660	1
107675	0
107694	1
107702	0
107711	1
107728	0
107739	1
107754	0
108184	1
108199	0
108211	1
108226	0
108236	1
108252	0
108262	1
108278	0
108288	1
108304	0
108314	1
108331	0
108341	1
108357	0
108367	1
108383	0
108393	1
108410	0
108420	1
108435	0
108445	1
108462	0
108472	1
108488	0
108498	1
108514	0
108524	1
108541	0
108551	1
108567	0
108577	1
108592	0
109022	1
109039	0
109048	1
109065	0
109075	1
109090	0
109101	1
109117	0
109127	1
109142	0
109154	1
109169	0
109180	1
109195	0
109206	1
109221	0
109233	1
109248	0
109259	1
109274	0
109284	1
109300	0
109310	1
109327	0
109337	1
109353	0
109363	1
109379	0
109389	1
109405	0
109415	1
109432	0
109861	1
109877	0
109887	1
109902	0
109914	1
109929	0
109940	1
109955	0
109966	1
109981	0
109993	1
110008	0
110019	1
110034	0
110044	1
110060	0
110070	1
110087	0
110097	1
110113	0
110123	1
110139	0
110149	1
110165	0
110175	1
110192	0
110202	1
110217	0
110228	1
110243	0
110254	1
110269	0
110699	1
110716	0
110726	1
110742	0
110752	1
110768	0
110778	1
110794	0
110804	1
110821	0
110831	1
110846	0
110857	1
110872	0
110883	1
110898	0
110910	1
110925	0
110936	1
110951	0
110962	1
110977	0
110989	1
111004	0
111014	1
111030	0
111040	1
111056	0
111067	1
111083	0
111093	1
111109	0
111538	1
111557	0
111564	1
111581	0
111591	1
111607	0
111617	1
111632	0
111643	1
111659	0
111669	1
111685	0
111696	1
111711	0
111722	1
111738	0
111747	1
111764	0
111774	1
111790	0
111800	1
111815	0
111827	1
111842	0
111853	1
111868	0
111879	1
111894	0
111906	1
111921	0
111932	1
111947	0
112377	1
112399	0
112403	1
112419	0
112429	1
112445	0
112455	1
112472	0
112482	1
112498	0
112508	1
112524	0
112534	1
112550	0
112560	1
112576	0
112587	1
112602	0
112613	1
112628	0
112639	1
112654	0
112666	1
112681	0
112692	1
112707	0
112718	1
112733	0
112743	1
112760	0
112770	1
112786	0
113216	1
113231	0
113242	1
113257	0
113269	1
113284	0
113295	1
113310	0
113320	1
113336	0
113346	1
113362	0
113372	1
113389	0
113399	1
113415	0
113425	1
113441	0
113451	1
113468	0
113478	1
113493	0
113504	1
113519	0
113530	1
113545	0
113557	1
113572	0
113583	1
113598	0
113609	1
113624	0
114054	1
114070	0
114080	1
114096	0
114106	1
114123	0
114133	1
114149	0
114159	1
114174	0
114185	1
114200	0
114212	1
114227	0
114238	1
114253	0
114271	1
114280	0
114290	1
114305	0
114316	1
114332	0
114343	1
114358	0
114369	1
114384	0
114395	1
114410	0
114421	1
114436	0
114448	1
114463	0
114893	1
114908	0
114920	1
114935	0
114945	1
114961	0
114971	1
114987	0
114997	1
115014	0
115024	1
115045	0
115051	1
115065	0
115077	1
115092	0
115103	1
115118	0
115129	1
115144	0
115156	1
115171	0
115182	1
115197	0
115207	1
115223	0
115233	1
115249	0
115259	1
115276	0
115286	1
115302	0
115731	1
115748	0
115758	1
115774	0
115784	1
115800	0
115810	1
115825	0
115836	1
115851	0
115863	1
115878	0
115889	1
115904	0
115915	1
115930	0
115942	1
115957	0
115968	1
115983	0
115994	1
116009	0
116019	1
116036	0
116046	1
116062	0
116072	1
116088	0
116098	1
116115	0
116125	1
116141	0
116570	1
116586	0
116596	1
116613	0
116623	1
116639	0
116649	1
116664	0
116675	1
116690	0
116701	1
116716	0
116728	1
116743	0
116754	1
116769	0
116780	1
116795	0
116807	1
116822	0
116832	1
116848	0
116858	1
116874	0
116884	1
116901	0
116911	1
116927	0
116937	1
116953	0
116963	1
116979	0
118247	1
118263	0
118274	1
118289	0
118300	1
118316	0
118326	1
118342	0
118353	1
118368	0
118379	1
118394	0
118404	1
118420	0
118430	1
118447	0
118457	1
118473	0
118483	1
118499	0
118509	1
118526	0
118536	1
118552	0
118562	1
118577	0
118588	1
118603	0
118615	1
118630	0
118641	1
118656	0
119086	1
119101	0
119113	1
119128	0
119139	1
119154	0
119165	1
119180	0
119190	1
119207	0
119217	1
119233	0
119243	1
119259	0
119269	1
119285	0
119295	1
119312	0
119322	1
119338	0
119348	1
119364	0
119374	1
119389	0
119401	1
119443	0
119453	1
119469	0
119479	1
119495	0
119924	1
119941	0
119951	1
119967	0
119977	1
119993	0
120003	1
120020	0
120030	1
120045	0
120056	1
120071	0
120082	1
120097	0
120109	1
120124	0
120135	1
120150	0
120161	1
120176	0
120186	1
120202	0
120213	1
120229	0
120239	1
120255	0
120265	1
120281	0
120291	1
120309	0
120317	1
120333	0
120763	1
120779	0
120789	1
120805	0
120815	1
120832	0
120842	1
120858	0
120875	1
120884	0
120895	1
120910	0
120920	1
120936	0
120946	1
120963	0
120973	1
120989	0
120999	1
121015	0
121025	1
121042	0
121052	1
121068	0
121078	1
121093	0
121104	1
121119	0
121131	1
121146	0
121157	1
121172	0
121610	1
121617	0
121629	1
121644	0
121655	1
121670	0
121681	1
121696	0
121706	1
121723	0
121733	1
121749	0
121759	1
121775	0
121785	1
121802	0
121812	1
121828	0
121838	1
121854	0
121864	1
121879	0
121890	1
121905	0
121917	1
121932	0
121943	1
121958	0
121969	1
121984	0
121996	1
122011	0
122440	1
122457	0
122467	1
122483	0
122493	1
122509	0
122519	1
122534	0
122546	1
122561	0
122572	1
122587	0
122598	1
122613	0
122625	1
122640	0
122651	1
122666	0
122676	1
122692	0
122702	1
122719	0
122729	1
122745	0
122755	1
122771	0
122781	1
122797	0
122807	1
122824	0
122834	1
122850	0
123279	1
123295	0
123305	1
123321	0
123331	1
123348	0
123358	1
123374	0
123384	1
123399	0
123410	1
123425	0
123437	1
123452	0
123463	1
123482	0
123489	1
123504	0
123515	1
123530	0
123542	1
123557	0
123568	1
123583	0
123594	1
123609	0
123621	1
123636	0
123646	1
123662	0
123672	1
123688	0
124118	1
124134	0
124144	1
124160	0
124170	1
124187	0
124197	1
124213	0
124223	1
124238	0
124249	1
124264	0
124275	1
124290	0
124302	1
124317	0
124328	1
124343	0
124354	1
124369	0
124379	1
124396	0
124406	1
124422	0
124432	1
124448	0
124458	1
124475	0
124485	1
124501	0
124511	1
124527	0
124957	1
124972	0
124983	1
124998	0
125008	1
125025	0
125035	1
125051	0
125061	1
125077	0
125087	1
125104	0
125114	1
125130	0
125140	1
125156	0
125166	1
125181	0
125193	1
125208	0
125219	1
125234	0
125245	1
125260	0
125272	1
125287	0
125297	1
125313	0
125323	1
125339	0
125349	1
125366	0
125795	1
125811	0
125821	1
125837	0
125847	1
125864	0
125874	1
125890	0
125900	1
125915	0
125926	1
125941	0
125953	1
125968	0
125979	1
125994	0
126005	1
126020	0
126032	1
126047	0
126057	1
126073	0
126083	1
126099	0
126109	1
126126	0
126136	1
126161	0
126162	1
126177	0
126188	1
126204	0
127472	1
127495	0
127499	1
127514	0
127525	1
127541	0
127559	1
127566	0
127577	1
127594	0
127603	1
127619	0
127629	1
127646	0
127656	1
127672	0
127682	1
127698	0
127708	1
127723	0
127735	1
127750	0
127761	1
127776	0
127787	1
127802	0
127814	1
127829	0
127840	1
127855	0
127866	1
127881	0
128311	1
128327	0
128337	1
128354	0
128364	1
128379	0
128390	1
128405	0
128416	1
128431	0
128443	1
128458	0
128469	1
128484	0
128495	1
128510	0
128521	1
128536	0
128546	1
128563	0
128573	1
128589	0
128599	1
128615	0
128625	1
128642	0
128652	1
128668	0
128678	1
128694	0
128704	1
128719	0
129150	1
129165	0
129176	1
129191	0
129203	1
129218	0
129229	1
129244	0
129254	1
129270	0
129280	1
129297	0
129307	1
129323	0
129333	1
129349	0
129359	1
129376	0
129386	1
129402	0
129412	1
129428	0
129438	1
129453	0
129464	1
129479	0
129491	1
129506	0
129517	1
129532	0
129543	1
129559	0
129988	1
130004	0
130014	1
130031	0
130041	1
130057	0
130067	1
130083	0
130093	1
130108	0
130120	1
130135	0
130146	1
130161	0
130172	1
130188	0
130198	1
130214	0
130225	1
130240	0
130250	1
130267	0
130277	1
130293	0
130303	1
130319	0
130329	1
130344	0
130355	1
130370	0
130382	1
130397	0
130828	1
130843	0
130860	1
130869	0
130880	1
130895	0
130906	1
130921	0
130931	1
130948	0
130958	1
130974	0
130984	1
131000	0
131010	1
131026	0
131037	1
131053	0
131063	1
131079	0
131089	1
131104	0
131115	1
131130	0
131142	1
131157	0
131168	1
131183	0
131194	1
131209	0
131221	1
131236	0
131666	1
131682	0
131692	1
131707	0
131718	1
131733	0
131745	1
131760	0
131771	1
131786	0
131797	1
131812	0
131823	1
131838	0
131850	1
131865	0
131875	1
131891	0
131901	1
131917	0
131927	1
131944	0
131954	1
131970	0
131980	1
131996	0
132006	1
132021	0
132032	1
132049	0
132059	1
132074	0
132504	1
132520	0
132530	1
132547	0
132557	1
132573	0
132583	1
132598	0
132609	1
132624	0
132636	1
132651	0
132662	1
132677	0
132688	1
132703	0
132714	1
132729	0
132740	1
132757	0
132766	1
132782	0
132793	1
132808	0
132819	1
132834	0
132845	1
132860	0
132872	1
132887	0
132898	1
132913	0
133342	1
133359	0
133369	1
133385	0
133395	1
133411	0
133421	1
133438	0
133448	1
133465	0
133474	1
133489	0
133500	1
133515	0
133527	1
133542	0
133553	1
133568	0
133579	1
133594	0
133606	1
133621	0
133631	1
133647	0
133657	1
133673	0
133683	1
133700	0
133710	1
133726	0
133736	1
133752	0
134181	1
134197	0
134207	1
134224	0
134234	1
134250	0
134260	1
134276	0
134286	1
134303	0
134313	1
134328	0
134339	1
134354	0
134365	1
134380	0
134392	1
134407	0
134418	1
134433	0
134444	1
134459	0
134470	1
134485	0
134495	1
134512	0
134522	1
134538	0
134548	1
134564	0
134574	1
134591	0
135021	1
135036	0
135046	1
135062	0
135072	1
135089	0
135099	1
135115	0
135125	1
135141	0
135151	1
135168	0
135178	1
135193	0
135204	1
135219	0
135230	1
135245	0
135256	1
135272	0
135283	1
135298	0
135309	1
135324	0
135334	1
135350	0
135360	1
135377	0
135387	1
135402	0
135413	1
135439	0
135859	1
135875	0
135885	1
135901	0
135911	1
135926	0
135938	1
135953	0
135964	1
135979	0
135990	1
136005	0
136017	1
136032	0
136043	1
136058	0
136069	1
136084	0
136094	1
136111	0
136121	1
136163	0
136173	1
136189	0
136199	1
136215	0
136225	1
136242	0
136252	1
136268	0
137537	1
137552	0
137563	1
137578	0
137588	1
137604	0
137614	1
137631	0
137641	1
137657	0
137667	1
137683	0
137693	1
137709	0
137719	1
137736	0
137746	1
137762	0
137772	1
137787	0
137798	1
137813	0
137825	1
137840	0
137851	1
137866	0
137877	1
137892	0
137904	1
137919	0
137929	1
137945	0
138375	1
138391	0
138401	1
138417	0
138427	1
138443	0
138453	1
138468	0
138480	1
138495	0
138506	1
138521	0
138532	1
138547	0
138559	1
138574	0
138585	1
138600	0
138610	1
138626	0
138636	1
138653	0
138663	1
138679	0
138689	1
138705	0
138715	1
138732	0
138742	1
138758	0
138768	1
138784	0
140052	1
140068	0
140078	1
140094	0
140104	1
140120	0
140130	1
140147	0
140157	1
140173	0
140183	1
140199	0
140209	1
140226	0
140236	1
140251	0
140262	1
140277	0
140288	1
140303	0
140314	1
140329	0
140341	1
140356	0
140367	1
140382	0
140393	1
140408	0
140418	1
140435	0
140445	1
140461	0
140890	1
140907	0
140917	1
140933	0
140943	1
140959	0
140969	1
140985	0
140995	1
141012	0
141022	1
141038	0
141048	1
141063	0
141074	1
141089	0
141101	1
141116	0
141127	1
141142	0
141153	1
141168	0
141180	1
141195	0
141206	1
141221	0
141231	1
141247	0
141257	1
141273	0
141283	1
141300	0
142568	1
142583	0
142595	1
142610	0
142621	1
142636	0
142647	1
142662	0
142673	1
142692	0
142698	1
142715	0
142725	1
142741	0
142751	1
142767	0
142777	1
142794	0
142804	1
142820	0
142830	1
142846	0
142856	1
142872	0
142882	1
142899	0
142909	1
142924	0
142935	1
142950	0
142961	1
142976	0
143406	1
143448	0
143459	1
143474	0
143486	1
143501	0
143512	1
143527	0
143537	1
143561	0
143564	1
143580	0
143590	1
143606	0
143616	1
143632	0
143642	1
143659	0
143669	1
143684	0
143695	1
143710	0
143721	1
143736	0
143748	1
143763	0
143774	1
143789	0
143800	1
143815	0
144245	1
144261	0
144271	1
144288	0
144298	1
144314	0
144324	1
144340	0
144350	1
144365	0
144376	1
144391	0
144403	1
144418	0
144429	1
144444	0
144455	1
144470	0
144482	1
144497	0
144508	1
144523	0
144533	1
144549	0
144559	1
144576	0
144592	1
144602	0
144612	1
144628	0
144638	1
144654	0
145084	1
145100	0
145110	1
145126	0
145136	1
145153	0
145163	1
145178	0
145189	1
145204	0
145216	1
145231	0
145241	1
145257	0
145267	1
145284	0
145294	1
145309	0
145320	1
145335	0
145345	1
145362	0
145372	1
145388	0
145399	1
145414	0
145425	1
145440	0
145451	1
145466	0
145476	1
145493	0
156836	1
156852	0
156862	1
156878	0
156888	1
156904	0
156915	1
156930	0
156941	1
156956	0
156967	1
156982	0
156993	1
157009	0
157019	1
157035	0
157045	1
157061	0
157071	1
157088	0
157098	1
157114	0
157124	1
157140	0
157150	1
157166	0
157176	1
157193	0
157203	1
157218	0
157229	1
157244	0
157254	1
157271	0
157281	1
157297	0
157307	1
157323	0
157333	1
157350	0
157360	1
157376	0
157386	1
157402	0
157412	1
157427	0
157439	1
157454	0
157465	1
157480	0
157491	1
157506	0
157518	1
157533	0
157544	1
157559	0
157570	1
157585	0
157595	1
157611	0
157622	1
157638	0
157648	1
157664	0
157674	1
157690	0
157700	1
157717	0
157727	1
157743	0
157761	1
157769	0
157780	1
157795	0
157805	1
157822	0
157832	1
157848	0
157858	1
157874	0
157884	1
157899	0
157910	1
157925	0
157937	1
157952	0
157963	1
157978	0
157989	1
158004	0
158016	1
158031	0
158041	1
158057	0
158067	1
158083	0
158093	1
158110	0
158120	1
158136	0
158146	1
158162	0
158172	1
158189	0
158199	1
158215	0
158225	1
158240	0
158251	1
158266	0
158277	1
158292	0
158304	1
158319	0
158330	1
158345	0
158356	1
158371	0
158381	1
158398	0
158408	1
158424	0
158434	1
158450	0
158460	1
158477	0
158495	1
158502	0
158513	1
158529	0
158539	1
158555	0
158565	1
158581	0
158592	1
158607	0
158618	1
158633	0
158644	1
158659	0
158671	1
158686	0
158697	1
158712	0
158723	1
158738	0
158748	1
158765	0
158775	1
158791	0
158801	1
158817	0
158827	1
158843	0
158853	1
158870	0
158880	1
158896	0
158906	1
158922	0
158932	1
158947	0
158959	1
158974	0
158985	1
159000	0
159011	1
159026	0
159038	1
159053	0
159063	1
159080	0
159089	1
159105	0
159116	1
159131	0
159142	1
159158	0
159168	1
159184	0
159194	1
159209	0
159221	1
159236	0
159247	1
159262	0
159273	1
159288	0
159300	1
159315	0
159326	1
159341	0
159352	1
159367	0
159377	1
159394	0
159404	1
159420	0
159443	1
159446	0
159456	1
159473	0
159483	1
159498	0
159509	1
159524	0
159535	1
159578	0
159588	1
159603	0
159614	1
159629	0
159640	1
159655	0
159667	1
159682	0
159693	1
159708	0
159719	1
159734	0
159745	1
159760	0
159770	1
159787	0
159797	1
159813	0
159823	1
159843	0
159849	1
159865	0
159875	1
159892	0
159902	1
159918	0
159928	1
159944	0
159954	1
159971	0
159981	1
159997	0
160007	1
160023	0
160033	1
160048	0
160059	1
160074	0
160086	1
160101	0
160112	1
160127	0
160138	1
160153	0
160165	1
160180	0
161868	1
161883	0
161894	1
161909	0
161919	1
161936	0
161946	1
161962	0
161972	1
161988	0
161998	1
162015	0
162025	1
162041	0
162051	1
162067	0
162077	1
162093	0
162103	1
162119	0
162130	1
162145	0
162156	1
162171	0
162182	1
162197	0
162209	1
162224	0
162235	1
162250	0
162261	1
162276	0
163545	1
163561	0
163571	1
163587	0
163597	1
163614	0
163624	1
163639	0
163650	1
163665	0
163676	1
163691	0
163702	1
163717	0
163729	1
163744	0
163755	1
163770	0
163780	1
163796	0
163806	1
163823	0
163833	1
163849	0
163859	1
163875	0
163885	1
163902	0
163912	1
163928	0
163938	1
163954	0
165222	1
165238	0
165248	1
165264	0
165274	1
165291	0
165301	1
165317	0
165327	1
165343	0
165353	1
165368	0
165380	1
165395	0
165406	1
165421	0
165432	1
165447	0
165459	1
165474	0
165484	1
165500	0
165510	1
165526	0
165536	1
165553	0
165563	1
165579	0
165589	1
165605	0
165615	1
165631	0
166060	1
166077	0
166087	1
166103	0
166113	1
166128	0
166139	1
166155	0
166165	1
166182	0
166192	1
166208	0
166218	1
166233	0
166244	1
166259	0
166271	1
166286	0
166297	1
166312	0
166323	1
166338	0
166350	1
166365	0
166376	1
166391	0
166401	1
166417	0
166427	1
166443	0
166453	1
166470	0
166899	1
166916	0
166926	1
166942	0
166952	1
166968	0
166981	1
166993	0
167004	1
167021	0
167030	1
167046	0
167057	1
167072	0
167083	1
167098	0
167109	1
167125	0
167135	1
167151	0
167161	1
167177	0
167187	1
167204	0
167214	1
167230	0
167240	1
167256	0
167266	1
167283	0
167293	1
167308	0
167738	1
167760	0
167765	1
167780	0
167791	1
167806	0
167816	1
167832	0
167842	1
167859	0
167869	1
167885	0
167895	1
167911	0
167921	1
167938	0
167948	1
167964	0
167974	1
167990	0
168000	1
168015	0
168026	1
168042	0
168053	1
168068	0
168079	1
168094	0
168105	1
168120	0
168132	1
168147	0
169415	1
169431	0
169441	1
169458	0
169468	1
169484	0
169494	1
169510	0
169520	1
169536	0
169546	1
169561	0
169573	1
169588	0
169599	1
169622	0
169624	1
169641	0
169651	1
169667	0
169677	1
169693	0
169703	1
169720	0
169730	1
169746	0
169756	1
169772	0
169782	1
169797	0
169809	1
169824	0
170254	1
170269	0
170281	1
170296	0
170307	1
170322	0
170332	1
170355	0
170359	1
170375	0
170385	1
170401	0
170411	1
170427	0
170437	1
170452	0
170464	1
170479	0
170490	1
170505	0
170516	1
170531	0
170543	1
170558	0
170569	1
170584	0
170595	1
170610	0
170620	1
170637	0
170647	1
170663	0
171093	1
171108	0
171119	1
171134	0
171146	1
171161	0
171172	1
171187	0
171197	1
171213	0
171223	1
171240	0
171250	1
171266	0
171276	1
171292	0
171302	1
171318	0
171329	1
171344	0
171355	1
171370	0
171381	1
171396	0
171407	1
171422	0
171434	1
171449	0
171460	1
171475	0
171486	1
171501	0
172770	1
172786	0
172796	1
172812	0
172822	1
172839	0
172849	1
172864	0
172875	1
172890	0
172901	1
172916	0
172928	1
172943	0
172954	1
172969	0
172980	1
172995	0
173005	1
173021	0
173039	1
173048	0
173058	1
173074	0
173084	1
173100	0
173110	1
173127	0
173137	1
173153	0
173163	1
173178	0
174447	1
174462	0
174474	1
174489	0
174500	1
174515	0
174526	1
174541	0
174551	1
174568	0
174578	1
174594	0
174604	1
174620	0
174630	1
174647	0
174657	1
174673	0
174683	1
174699	0
174709	1
174725	0
174735	1
174752	0
174762	1
174777	0
174788	1
174803	0
174814	1
174829	0
174841	1
174856	0
175286	1
175302	0
175312	1
175328	0
175338	1
175353	0
175365	1
175380	0
175391	1
175406	0
175417	1
175459	0
175469	1
175484	0
175496	1
175511	0
175522	1
175537	0
175548	1
175568	0
175575	1
175590	0
175601	1
175616	0
175626	1
175642	0
175652	1
175668	0
175679	1
175695	0
176963	1
176979	0
176989	1
177005	0
177015	1
177031	0
177041	1
177065	0
177067	1
177084	0
177094	1
177110	0
177120	1
177136	0
177146	1
177163	0
177173	1
177189	0
177199	1
177215	0
177225	1
177240	0
177251	1
177267	0
177278	1
177293	0
177304	1
177319	0
177330	1
177345	0
177357	1
177372	0
177801	1
177818	0
177828	1
177844	0
177854	1
177870	0
177880	1
177897	0
177907	1
177923	0
177933	1
177948	0
177959	1
177974	0
177985	1
178000	0
178012	1
178027	0
178038	1
178053	0
178064	1
178079	0
178091	1
178106	0
178116	1
178132	0
178142	1
178158	0
178168	1
178185	0
178195	1
178211	0
178640	1
178656	0
178666	1
178683	0
178693	1
178709	0
178719	1
178735	0
178745	1
178761	0
178771	1
178786	0
178798	1
178813	0
178824	1
178839	0
178850	1
178865	0
178877	1
178892	0
178903	1
178918	0
178928	1
178944	0
178955	1
178971	0
178982	1
178997	0
179008	1
179022	0
179033	1
179049	0
180318	1
180333	0
180344	1
180359	0
180371	1
180386	0
180396	1
180412	0
180422	1
180438	0
180448	1
180465	0
180475	1
180491	0
180501	1
180517	0
180527	1
180543	0
180553	1
180570	0
180580	1
180595	0
180606	1
180621	0
180632	1
180647	0
180659	1
180674	0
180685	1
180700	0
180711	1
180726	0
181995	1
182011	0
182021	1
182037	0
182047	1
182064	0
182074	1
182089	0
182100	1
182115	0
182126	1
182141	0
182153	1
182168	0
182179	1
182194	0
182205	1
182220	0
182230	1
182246	0
182256	1
182273	0
182284	1
182299	0
182309	1
182325	0
182335	1
182352	0
182362	1
182378	0
182388	1
182404	0
182834	1
182876	0
182887	1
182902	0
182912	1
182927	0
182938	1
182954	0
182965	1
182981	0
182991	1
183007	0
183017	1
183032	0
183043	1
183058	0
183070	1
183085	0
183096	1
183111	0
183122	1
183137	0
183149	1
183164	0
183175	1
183190	0
183200	1
183216	0
183226	1
183242	0
184511	1
184527	0
184537	1
184552	0
184563	1
184578	0
184590	1
184605	0
184616	1
184631	0
184642	1
184657	0
184669	1
184684	0
184695	1
184710	0
184720	1
184736	0
184746	1
184763	0
184773	1
184789	0
184799	1
184815	0
184825	1
184841	0
184851	1
184894	0
184904	1
184919	0
186188	1
186203	0
186214	1
186230	0
186241	1
186256	0
186267	1
186282	0
186293	1
186308	0
186319	1
186335	0
186345	1
186361	0
186371	1
186387	0
186397	1
186414	0
186424	1
186440	0
186450	1
186466	0
186476	1
186493	0
186503	1
186519	0
186529	1
186544	0
186555	1
186570	0
186582	1
186597	0
187027	1
187043	0
187053	1
187068	0
187079	1
187094	0
187106	1
187121	0
187132	1
187147	0
187158	1
187173	0
187185	1
187200	0
187211	1
187226	0
187236	1
187252	0
187262	1
187278	0
187288	1
187305	0
187315	1
187331	0
187341	1
187357	0
187367	1
187384	0
187394	1
187410	0
187420	1
187435	0
187865	1
187882	0
187892	1
187908	0
187918	1
187933	0
187944	1
187959	0
187970	1
187986	0
187997	1
188012	0
188023	1
188038	0
188049	1
188064	0
188074	1
188091	0
188101	1
188117	0
188127	1
188143	0
188154	1
188170	0
188180	1
188196	0
188207	1
188222	0
188232	1
188249	0
188259	1
188274	0
189542	1
189559	0
189569	1
189585	0
189595	1
189611	0
189621	1
189637	0
189647	1
189664	0
189674	1
189689	0
189700	1
189715	0
189726	1
189741	0
189753	1
189768	0
189779	1
189794	0
189805	1
189820	0
189830	1
189847	0
189857	1
189873	0
189883	1
189899	0
189909	1
189925	0
189936	1
189952	0
190382	1
190397	0
190408	1
190423	0
190433	1
190449	0
190459	1
190476	0
190486	1
190502	0
190512	1
190528	0
190538	1
190555	0
190565	1
190581	0
190591	1
190606	0
190617	1
190632	0
190644	1
190659	0
190670	1
190685	0
190696	1
190711	0
190722	1
190737	0
190748	1
190765	0
190774	1
190790	0
191220	1
191236	0
191246	1
191262	0
191272	1
191287	0
191299	1
191314	0
191325	1
191340	0
191351	1
191366	0
191378	1
191393	0
191404	1
191419	0
191455	1
191472	0
191482	1
191498	0
191508	1
191523	0
191535	1
191550	0
191568	1
191576	0
191587	1
191602	0
191614	1
191629	0
192897	1
192912	0
192924	1
192939	0
192950	1
192965	0
192975	1
192992	0
193002	1
193018	0
193028	1
193044	0
193055	1
193070	0
193080	1
193096	0
193107	1
193123	0
193133	1
193148	0
193160	1
193175	0
193186	1
193201	0
193211	1
193228	0
193238	1
193254	0
193264	1
193279	0
193291	1
193306	0
193736	1
193751	0
193762	1
193777	0
193789	1
193804	0
193815	1
193830	0
193841	1
193856	0
193868	1
193883	0
193893	1
193909	0
193919	1
193935	0
193945	1
193961	0
193971	1
193988	0
193998	1
194014	0
194024	1
194040	0
194050	1
194065	0
194077	1
194092	0
194103	1
194118	0
194129	1
194144	0
194574	1
194590	0
194600	1
194617	0
194627	1
194643	0
194653	1
194669	0
194679	1
194696	0
194706	1
194727	0
194732	1
194748	0
194759	1
194774	0
194784	1
194799	0
194810	1
194826	0
194837	1
194852	0
194892	1
194905	0
194915	1
194931	0
194941	1
194957	0
194967	1
194984	0
195413	1
195429	0
195439	1
195454	0
195466	1
195481	0
195502	1
195508	0
195518	1
195534	0
195544	1
195560	0
195570	1
195587	0
195597	1
195613	0
195623	1
195638	0
195649	1
195664	0
195675	1
195690	0
195702	1
195717	0
195728	1
195743	0
195754	1
195769	0
195781	1
195796	0
195806	1
195822	0
196252	1
196268	0
196278	1
196293	0
196304	1
196319	0
196331	1
196346	0
196357	1
196372	0
196383	1
196398	0
196410	1
196425	0
196435	1
196451	0
196461	1
196477	0
196487	1
196504	0
196514	1
196530	0
196540	1
196556	0
196566	1
196582	0
196592	1
196607	0
196619	1
196634	0
196645	1
196660	0
197091	1
197106	0
197117	1
197132	0
197143	1
197158	0
197169	1
197184	0
197196	1
197211	0
197222	1
197237	0
197247	1
197263	0
197273	1
197290	0
197300	1
197316	0
197326	1
197342	0
197352	1
197384	0
197385	1
197394	0
197405	1
197420	0
197431	1
197446	0
197458	1
197473	0
197484	1
197499	0
197929	1
197945	0
197955	1
197971	0
197981	1
197998	0
198008	1
198024	0
198034	1
198049	0
198060	1
198075	0
198086	1
198102	0
198117	1
198128	0
198138	1
198154	0
198165	1
198181	0
198191	1
198207	0
198217	1
198233	0
198243	1
198260	0
198270	1
198286	0
198296	1
198311	0
198322	1
198337	0
198768	1
198783	0
198794	1
198810	0
198820	1
198835	0
198847	1
198862	0
198872	1
198889	0
198899	1
198914	0
198925	1
198940	0
198952	1
198967	0
198977	1
198994	0
199004	1
199019	0
199029	1
199045	0
199056	1
199072	0
199082	1
199098	0
199108	1
199125	0
199135	1
199150	0
199161	1
199177	0
199606	1
199622	0
199632	1
199648	0
199659	1
199674	0
199684	1
199701	0
199711	1
199726	0
199738	1
199753	0
199764	1
199779	0
199789	1
199806	0
199816	1
199831	0
199843	1
199858	0
199868	1
199884	0
199895	1
199910	0
199921	1
199936	0
199948	1
199963	0
199973	1
199989	0
200000	1
200015	0
200444	1
200461	0
200471	1
200487	0
200498	1
200513	0
200524	1
200539	0
200549	1
200566	0
200576	1
200591	0
200603	1
200618	0
200628	1
200644	0
200654	1
200671	0
200681	1
200696	0
200708	1
200723	0
200733	1
200749	0
200759	1
200775	0
200788	1
200801	0
200812	1
200828	0
200838	1
200854	0
201283	1
201300	0
201310	1
201325	0
201336	1
201368	0
201370	1
201378	0
201389	1
201404	0
201415	1
201431	0
201441	1
201457	0
201467	1
201483	0
201493	1
201509	0
201519	1
201535	0
201546	1
201561	0
201571	1
201588	0
201598	1
201614	0
201624	1
201640	0
201651	1
201666	0
201676	1
201693	0
202123	1
202138	0
202149	1
202164	0
202174	1
202191	0
202201	1
202216	0
202228	1
202243	0
202253	1
202269	0
202279	1
202295	0
202306	1
202321	0
202331	1
202348	0
202358	1
202374	0
202384	1
202400	0
202411	1
202426	0
202436	1
202453	0
202463	1
202478	0
202489	1
202505	0
202515	1
202531	0
202961	1
202976	0
202987	1
203003	0
203013	1
203028	0
203040	1
203055	0
203066	1
203081	0
203092	1
203108	0
203118	1
203133	0
203145	1
203160	0
203170	1
203186	0
203197	1
203212	0
203223	1
203238	0
203250	1
203265	0
203275	1
203292	0
203302	1
203317	0
203328	1
203343	0
203354	1
203370	0
203800	1
203815	0
203826	1
203841	0
203852	1
203868	0
203878	1
203893	0
203905	1
203920	0
203930	1
203946	0
203957	1
203973	0
203983	1
203998	0
204010	1
204025	0
204036	1
204051	0
204062	1
204078	0
204088	1
204104	0
204113	1
204129	0
204140	1
204156	0
204167	1
204182	0
204192	1
204209	0
204638	1
204654	0
204664	1
204681	0
204691	1
204706	0
204717	1
204733	0
204743	1
204759	0
204770	1
204785	0
204795	1
204811	0
204822	1
204837	0
204847	1
204895	0
204900	1
204915	0
204927	1
204942	0
204953	1
204968	0
204979	1
204994	0
205006	1
205021	0
205032	1
205047	0
205477	1
205493	0
205503	1
205518	0
205529	1
205544	0
205556	1
205571	0
205582	1
205597	0
205608	1
205623	0
205635	1
205650	0
205661	1
205676	0
205686	1
205702	0
205712	1
205728	0
205738	1
205755	0
205765	1
205781	0
205791	1
205807	0
205817	1
205834	0
205844	1
205860	0
205870	1
205885	0
206315	1
206331	0
206341	1
206358	0
206368	1
206384	0
206394	1
206409	0
206420	1
206435	0
206447	1
206462	0
206473	1
206488	0
206499	1
206514	0
206526	1
206541	0
206552	1
206567	0
206577	1
206593	0
206603	1
206619	0
206629	1
206646	0
206656	1
206671	0
206683	1
206698	0
206709	1
206724	0
207154	1
207170	0
207180	1
207196	0
207206	1
207222	0
207232	1
207249	0
207259	1
207275	0
207285	1
207301	0
207311	1
207326	0
207338	1
207353	0
207364	1
207379	0
207390	1
207406	0
207417	1
207458	0
207468	1
207484	0
207494	1
207511	0
207521	1
207537	0
207547	1
207570	0
207992	1
208009	0
208019	1
208034	0
208045	1
208061	0
208071	1
208087	0
208098	1
208113	0
208124	1
208139	0
208151	1
208166	0
208176	1
208192	0
208202	1
208218	0
208228	1
208245	0
208255	1
208271	0
208281	1
208297	0
208307	1
208322	0
208333	1
208349	0
208360	1
208375	0
208386	1
208401	0
208832	1
208847	0
208858	1
208873	0
208884	1
208899	0
208910	1
208925	0
208937	1
208952	0
208963	1
208978	0
208988	1
209004	0
209014	1
209031	0
209041	1
209057	0
209067	1
209083	0
209093	1
209110	0
209120	1
209136	0
209146	1
209161	0
209172	1
209187	0
209199	1
209214	0
209225	1
209240	0
209670	1
209685	0
209697	1
209712	0
209723	1
209738	0
209749	1
209764	0
209774	1
209790	0
209801	1
209817	0
209827	1
209843	0
209853	1
209869	0
209879	1
209896	0
209906	1
209922	0
209932	1
209948	0
209958	1
209973	0
209985	1
210000	0
210011	1
210026	0
210042	1
210052	0
210063	1
210078	0
211347	1
211363	0
211374	1
211389	0
211399	1
211415	0
211425	1
211442	0
211452	1
211468	0
211478	1
211494	0
211504	1
211521	0
211531	1
211546	0
211557	1
211572	0
211583	1
211598	0
211610	1
211625	0
211636	1
211651	0
211662	1
211677	0
211689	1
211704	0
211714	1
211730	0
211740	1
211756	0
212186	1
212202	0
212212	1
212228	0
212238	1
212255	0
212265	1
212280	0
212291	1
212306	0
212317	1
212332	0
212343	1
212358	0
212370	1
212385	0
212396	1
212411	0
212422	1
212437	0
212447	1
212464	0
212474	1
212490	0
212500	1
212516	0
212526	1
212543	0
212553	1
212569	0
212579	1
212595	0
213025	1
213040	0
213051	1
213066	0
213077	1
213092	0
213104	1
213119	0
213130	1
213145	0
213155	1
213171	0
213181	1
213198	0
213208	1
213231	0
213234	1
213250	0
213260	1
213276	0
213287	1
213303	0
213313	1
213329	0
213339	1
213354	0
213365	1
213380	0
213392	1
213407	0
213418	1
213433	0
213863	1
213879	0
213889	1
213905	0
213915	1
213932	0
213942	1
213964	0
213968	1
213983	0
213994	1
214010	0
214021	1
214036	0
214047	1
214062	0
214073	1
214088	0
214098	1
214115	0
214125	1
214141	0
214151	1
214167	0
214177	1
214194	0
214204	1
214220	0
214230	1
214246	0
214256	1
214273	0
214702	1
214718	0
214728	1
214744	0
214754	1
214771	0
214781	1
214796	0
214807	1
214822	0
214833	1
214848	0
214888	1
214900	0
214912	1
214927	0
214938	1
214953	0
214964	1
214979	0
214991	1
215006	0
215017	1
215032	0
215042	1
215058	0
215068	1
215085	0
215095	1
215111	0
215541	1
215582	0
215593	1
215608	0
215619	1
215634	0
215646	1
215661	0
215672	1
215687	0
215697	1
215713	0
215723	1
215740	0
215750	1
215766	0
215776	1
215792	0
215802	1
215819	0
215829	1
215845	0
215855	1
215870	0
215881	1
215903	0
215907	1
215922	0
215934	1
215949	0
217218	1
217234	0
217244	1
217260	0
217271	1
217286	0
217296	1
217313	0
217323	1
217338	0
217349	1
217364	0
217375	1
217390	0
217402	1
217417	0
217428	1
217443	0
217454	1
217469	0
217480	1
217495	0
217506	1
217522	0
217532	1
217548	0
217558	1
217574	0
217584	1
217601	0
217611	1
217627	0
218056	1
218072	0
218082	1
218098	0
218108	1
218125	0
218135	1
218151	0
218161	1
218177	0
218187	1
218204	0
218214	1
218230	0
218240	1
218255	0
218266	1
218281	0
218292	1
218308	0
218319	1
218334	0
218345	1
218360	0
218371	1
218386	0
218396	1
218413	0
218423	1
218439	0
218449	1
218465	0
218895	1
218911	0
218921	1
218936	0
218948	1
218963	0
218974	1
218989	0
219000	1
219015	0
219026	1
219041	0
219053	1
219068	0
219079	1
219094	0
219104	1
219120	0
219130	1
219147	0
219157	1
219173	0
219183	1
219199	0
219209	1
219226	0
219236	1
219259	0
219262	1
219278	0
219288	1
219304	0
220574	1
220588	0
220598	1
220614	0
220624	1
220641	0
220651	1
220667	0
220677	1
220693	0
220703	1
220718	0
220730	1
220745	0
220756	1
220771	0
220782	1
220797	0
220809	1
220824	0
220835	1
220850	0
220861	1
220876	0
220886	1
220902	0
220912	1
220929	0
220939	1
220955	0
220965	1
220981	0
221411	1
221427	0
221437	1
221453	0
221463	1
221480	0
221490	1
221505	0
221516	1
221531	0
221542	1
221557	0
221569	1
221584	0
221595	1
221610	0
221621	1
221636	0
221646	1
221662	0
221673	1
221689	0
221699	1
221715	0
221725	1
221741	0
221751	1
221768	0
221778	1
221794	0
221804	1
221819	0
222250	1
222265	0
222276	1
222291	0
222301	1
222318	0
222328	1
222344	0
222354	1
222370	0
222380	1
222397	0
222407	1
222423	0
222433	1
222449	0
222460	1
222475	0
222486	1
222502	0
222511	1
222528	0
222538	1
222553	0
222564	1
222580	0
222590	1
222606	0
222617	1
222632	0
222643	1
222658	0
223089	1
223104	0
223115	1
223130	0
223141	1
223156	0
223166	1
223189	0
223193	1
223208	0
223219	1
223234	0
223246	1
223261	0
223272	1
223287	0
223298	1
223313	0
223325	1
223340	0
223350	1
223366	0
223376	1
223392	0
223402	1
223419	0
223456	1
223470	0
223482	1
223497	0
223927	1
223942	0
223954	1
223969	0
223979	1
223995	0
224005	1
224021	0
224031	1
224048	0
224058	1
224074	0
224084	1
224100	0
224110	1
224127	0
224137	1
224152	0
224163	1
224178	0
224189	1
224204	0
224215	1
224231	0
224242	1
224257	0
224268	1
224283	0
224294	1
224309	0
224319	1
224336	0
224765	1
224781	0
224791	1
224808	0
224818	1
224834	0
224844	1
224889	0
224897	1
224912	0
224922	1
224938	0
224948	1
224965	0
224975	1
224991	0
225001	1
225017	0
225027	1
225042	0
225054	1
225070	0
225080	1
225095	0
225106	1
225122	0
225145	1
225148	0
225159	1
225174	0
225604	1
225620	0
225630	1
225647	0
225657	1
225672	0
225683	1
225698	0
225709	1
225724	0
225736	1
225751	0
225762	1
225777	0
225788	1
225803	0
225813	1
225829	0
225839	1
225856	0
225866	1
225886	0
225893	1
225909	0
225919	1
225934	0
225945	1
225960	0
225971	1
225986	0
225998	1
226013	0
226442	1
226459	0
226470	1
226485	0
226495	1
226510	0
226521	1
226537	0
226548	1
226563	0
226573	1
226590	0
226600	1
226616	0
226626	1
226642	0
226652	1
226668	0
226679	1
226695	0
226705	1
226721	0
226731	1
226746	0
226757	1
226772	0
226784	1
226799	0
226810	1
226825	0
226836	1
226851	0
227281	1
227297	0
227307	1
227324	0
227334	1
227350	0
227360	1
227375	0
227386	1
227401	0
227413	1
227428	0
227439	1
227454	0
227465	1
227480	0
227492	1
227507	0
227518	1
227533	0
227543	1
227559	0
227569	1
227586	0
227596	1
227612	0
227622	1
227638	0
227648	1
227664	0
227675	1
227691	0
228121	1
228136	0
228146	1
228162	0
228172	1
228188	0
228198	1
228215	0
228225	1
228241	0
228251	1
228267	0
228277	1
228293	0
228303	1
228320	0
228330	1
228345	0
228356	1
228371	0
228382	1
228397	0
228409	1
228424	0
228435	1
228450	0
228461	1
228476	0
228492	1
228502	0
228514	1
228529	0
228958	1
228975	0
228985	1
229001	0
229011	1
229027	0
229037	1
229080	0
229089	1
229105	0
229116	1
229131	0
229142	1
229158	0
229168	1
229183	0
229195	1
229210	0
229221	1
229236	0
229247	1
229262	0
229274	1
229289	0
229300	1
229315	0
229326	1
229341	0
229351	1
229367	0
229797	1
229813	0
229823	1
229839	0
229850	1
229865	0
229876	1
229891	0
229902	1
229918	0
229929	1
229944	0
229955	1
229970	0
229981	1
229996	0
230006	1
230023	0
230033	1
230049	0
230059	1
230075	0
230085	1
230102	0
230112	1
230128	0
230138	1
230154	0
230164	1
230179	0
230191	1
230206	0
230636	1
230652	0
230662	1
230678	0
230688	1
230703	0
230715	1
230730	0
230741	1
230756	0
230767	1
230782	0
230794	1
230809	0
230820	1
230835	0
230846	1
230861	0
230871	1
230888	0
230898	1
230914	0
230924	1
230940	0
230950	1
230966	0
230976	1
230993	0
231003	1
231019	0
231029	1
231045	0
231475	1
231491	0
231501	1
231516	0
231527	1
231542	0
231553	1
231574	0
231579	1
231595	0
231605	1
231622	0
231632	1
231648	0
231658	1
231674	0
231684	1
231699	0
231713	1
231726	0
231737	1
231752	0
231763	1
231779	0
231789	1
231805	0
231816	1
231831	0
231841	1
231858	0
231868	1
231883	0
233152	1
233168	0
233178	1
233194	0
233204	1
233220	0
233230	1
233247	0
233257	1
233273	0
233283	1
233298	0
233309	1
233324	0
233336	1
233351	0
233362	1
233377	0
233388	1
233403	0
233415	1
233430	0
233440	1
233456	0
233466	1
233482	0
233492	1
233509	0
233519	1
233535	0
233545	1
233561	0
234829	1
234845	0
234855	1
234898	0
234908	1
234924	0
234934	1
234950	0
234960	1
234976	0
234986	1
235001	0
235013	1
235028	0
235039	1
235054	0
235065	1
235088	0
235091	1
235107	0
235117	1
235132	0
235144	1
235159	0
235170	1
235185	0
235196	1
235211	0
235223	1
235238	0
235668	1
235683	0
235694	1
235709	0
235721	1
235736	0
235747	1
235762	0
235772	1
235788	0
235798	1
235815	0
235825	1
235841	0
235851	1
235867	0
235877	1
235893	0
235904	1
235920	0
235930	1
235946	0
235956	1
235971	0
235982	1
235997	0
236009	1
236024	0
236035	1
236050	0
236061	1
236076	0
236507	1
236522	0
236533	1
236548	0
236559	1
236574	0
236584	1
236601	0
236611	1
236627	0
236637	1
236653	0
236663	1
236680	0
236690	1
236706	0
236716	1
236732	0
236742	1
236759	0
236769	1
236784	0
236795	1
236810	0
236821	1
236836	0
236847	1
236863	0
236874	1
236889	0
236900	1
236915	0
237345	1
237360	0
237372	1
237387	0
237398	1
237413	0
237424	1
237439	0
237450	1
237465	0
237477	1
237492	0
237502	1
237518	0
237528	1
237544	0
237554	1
237571	0
237581	1
237597	0
237607	1
237623	0
237633	1
237650	0
237660	1
237675	0
237687	1
237702	0
237712	1
237728	0
237738	1
237754	0
238184	1
238199	0
238210	1
238225	0
238237	1
238279	0
238289	1
238304	0
238315	1
238330	0
238341	1
238356	0
238367	1
238382	0
238394	1
238409	0
238420	1
238435	0
238446	1
238461	0
238473	1
238488	0
238498	1
238514	0
238524	1
238540	0
238550	1
238567	0
238577	1
238593	0
239022	1
239038	0
239048	1
239065	0
239075	1
239091	0
239101	1
239116	0
239127	1
239142	0
239154	1
239169	0
239180	1
239195	0
239206	1
239221	0
239233	1
239248	0
239259	1
239274	0
239284	1
239300	0
239310	1
239327	0
239337	1
239353	0
239363	1
239379	0
239389	1
239405	0
239415	1
239452	0
239861	1
239877	0
239887	1
239903	0
239913	1
239930	0
239940	1
239955	0
239966	1
239981	0
239992	1
240007	0
240018	1
240033	0
240045	1
240060	0
240071	1
240086	0
240097	1
240112	0
240124	1
240139	0
240149	1
240165	0
240175	1
240191	0
240201	1
240218	0
240228	1
240244	0
240254	1
240270	0
240699	1
240715	0
240725	1
240742	0
240752	1
240768	0
240778	1
240794	0
240804	1
240821	0
240831	1
240846	0
240857	1
240872	0
240883	1
240898	0
240910	1
240924	0
240936	1
240951	0
240962	1
240977	0
240988	1
241003	0
241015	1
241030	0
241041	1
241056	0
241066	1
241082	0
241092	1
241109	0
241538	1
241554	0
241564	1
241580	0
241591	1
241606	0
241617	1
241632	0
241643	1
241659	0
241670	1
241685	0
241695	1
241711	0
241721	1
241738	0
241748	1
241764	0
241774	1
241790	0
241800	1
241816	0
241826	1
241843	0
241853	1
241869	0
241879	1
241894	0
241905	1
241920	0
241932	1
241947	0
243215	1
243232	0
243242	1
243258	0
243268	1
243283	0
243294	1
243310	0
243321	1
243336	0
243347	1
243362	0
243372	1
243388	0
243398	1
243415	0
243425	1
243441	0
243451	1
243467	0
243477	1
243494	0
243504	1
243519	0
243530	1
243546	0
243556	1
243572	0
243583	1
243598	0
243609	1
243624	0
244055	1
244070	0
244080	1
244096	0
244106	1
244122	0
244132	1
244149	0
244159	1
244175	0
244185	1
244201	0
244211	1
244228	0
244238	1
244257	0
244264	1
244279	0
244291	1
244306	0
244316	1
244332	0
244342	1
244358	0
244368	1
244385	0
244395	1
244411	0
244421	1
244437	0
244447	1
244462	0
244893	1
244908	0
244919	1
244935	0
244945	1
244961	0
244971	1
244987	0
244998	1
245013	0
245024	1
245040	0
245050	1
245066	0
245076	1
245093	0
245103	1
245118	0
245129	1
245144	0
245156	1
245171	0
245181	1
245197	0
245207	1
245222	0
245234	1
245249	0
245260	1
245275	0
245285	1
245302	0
245731	1
245747	0
245757	1
245774	0
245784	1
245800	0
245810	1
245826	0
245836	1
245853	0
245863	1
245878	0
245889	1
245904	0
245915	1
245930	0
245942	1
245957	0
245968	1
245983	0
245994	1
246009	0
246019	1
246035	0
246045	1
246062	0
246072	1
246088	0
246098	1
246114	0
246124	1
246141	0
246570	1
246585	0
246597	1
246612	0
246623	1
246638	0
246649	1
246664	0
246676	1
246691	0
246701	1
246717	0
246727	1
246743	0
246753	1
246769	0
246780	1
246796	0
246806	1
246822	0
246832	1
246848	0
246858	1
246873	0
246885	1
246900	0
246911	1
246927	0
246937	1
246953	0
246963	1
246979	0
247409	1
247424	0
247461	1
247503	0
247514	1
247529	0
247540	1
247556	0
247576	1
247582	0
247593	1
247608	0
247618	1
247634	0
247644	1
247660	0
247670	1
247687	0
247697	1
247713	0
247723	1
247739	0
247749	1
247766	0
247776	1
247792	0
247802	1
247817	0
248248	1
248263	0
248274	1
248289	0
248300	1
248315	0
248327	1
248342	0
248353	1
248368	0
248378	1
248394	0
248404	1
248420	0
248430	1
248447	0
248457	1
248473	0
248483	1
248499	0
248509	1
248526	0
248536	1
248551	0
248562	1
248577	0
248588	1
248603	0
248615	1
248630	0
248641	1
248656	0
249087	1
249102	0
249113	1
249128	0
249138	1
249154	0
249164	1
249180	0
249190	1
249207	0
249217	1
249233	0
249243	1
249259	0
249269	1
249286	0
249296	1
249312	0
249322	1
249337	0
249348	1
249363	0
249375	1
249390	0
249401	1
249416	0
249427	1
249442	0
249453	1
249468	0
249480	1
249495	0
249924	1
249941	0
249951	1
249967	0
249977	1
249993	0
250003	1
250018	0
250030	1
250045	0
250056	1
250071	0
250082	1
250097	0
250108	1
250124	0
250134	1
250150	0
250160	1
250177	0
250187	1
250202	0
250213	1
250228	0
250239	1
250254	0
250266	1
250281	0
250292	1
250307	0
250318	1
250333	0
250763	1
250779	0
250789	1
250805	0
250815	1
250832	0
250842	1
250857	0
250869	1
250884	0
250894	1
250910	0
250920	1
250936	0
250946	1
250963	0
250973	1
250989	0
250999	1
251015	0
251025	1
251042	0
251052	1
251067	0
251078	1
251093	0
251104	1
251119	0
251130	1
251146	0
251157	1
251172	0
251602	1
251617	0
251628	1
251643	0
251655	1
251670	0
251681	1
251696	0
251707	1
251722	0
251733	1
251748	0
251760	1
251775	0
251786	1
251801	0
251811	1
251827	0
251837	1
251854	0
251864	1
251880	0
251890	1
251906	0
251916	1
251932	0
251942	1
251959	0
251969	1
251985	0
251995	1
252010	0
252441	1
252456	0
252467	1
252482	0
252494	1
252509	0
252519	1
252535	0
252545	1
252561	0
252571	1
252588	0
252598	1
252614	0
252624	1
252640	0
252650	1
252666	0
252676	1
252692	0
252703	1
252718	0
252729	1
252744	0
252756	1
252771	0
252781	1
252797	0
252807	1
252823	0
252833	1
252850	0
253279	1
253295	0
253305	1
253320	0
253332	1
253347	0
253358	1
253373	0
253384	1
253399	0
253411	1
253426	0
253437	1
253452	0
253463	1
253478	0
253489	1
253505	0
253515	1
253531	0
253541	1
253557	0
253567	1
253583	0
253593	1
253610	0
253620	1
253636	0
253646	1
253662	0
253672	1
253689	0
254118	1
254133	0
254144	1
254159	0
254170	1
254185	0
254197	1
254212	0
254223	1
254238	0
254249	1
254264	0
254276	1
254291	0
254302	1
254317	0
254327	1
254343	0
254353	1
254370	0
254380	1
254396	0
254406	1
254422	0
254432	1
254448	0
254458	1
254475	0
254485	1
254500	0
254511	1
254526	0
254956	1
254973	0
254983	1
254999	0
255009	1
255024	0
255035	1
255050	0
255062	1
255077	0
255088	1
255103	0
255114	1
255129	0
255140	1
255155	0
255167	1
255182	0
255192	1
255208	0
255218	1
255234	0
255244	1
255261	0
255271	1
255287	0
255297	1
255313	0
255323	1
255342	0
255349	1
255365	0
255795	1
255811	0
255821	1
255837	0
255847	1
255864	0
255874	1
255890	0
255900	1
255915	0
255926	1
255941	0
255953	1
255968	0
255979	1
255994	0
256005	1
256020	0
256031	1
256046	0
256058	1
256073	0
256083	1
256099	0
256109	1
256125	0
256136	1
256151	0
256163	1
256178	0
256189	1
256204	0
256634	1
256650	0
256660	1
256676	0
256698	1
256702	0
256713	1
256728	0
256739	1
256755	0
256764	1
256781	0
256792	1
256806	0
256818	1
256833	0
256843	1
256859	0
256869	1
256885	0
256895	1
256912	0
256922	1
256938	0
256948	1
256964	0
256974	1
256991	0
257001	1
257016	0
257027	1
257042	0
257473	1
257488	0
257499	1
257514	0
257525	1
257540	0
257550	1
257567	0
257577	1
257593	0
257603	1
257619	0
257629	1
257646	0
257656	1
257672	0
257682	1
257698	0
257708	1
257723	0
257735	1
257750	0
257761	1
257776	0
257787	1
257802	0
257813	1
257829	0
257840	1
257855	0
257866	1
257881	0
258312	1
258327	0
258337	1
258353	0
258363	1
258379	0
258389	1
258406	0
258416	1
258432	0
258442	1
258458	0
258468	1
258484	0
258494	1
258511	0
258521	1
258536	0
258547	1
258562	0
258573	1
258588	0
258600	1
258615	0
258626	1
258641	0
258652	1
258667	0
258677	1
258694	0
258704	1
258720	0
259149	1
259166	0
259176	1
259192	0
259202	1
259218	0
259228	1
259243	0
259255	1
259270	0
259281	1
259296	0
259307	1
259323	0
259333	1
259349	0
259360	1
259375	0
259385	1
259402	0
259411	1
259427	0
259438	1
259453	0
259464	1
259479	0
259491	1
259506	0
259517	1
259532	0
259543	1
259558	0
259988	1
260004	0
260014	1
260030	0
260040	1
260064	0
260067	1
260083	0
260093	1
260109	0
260119	1
260135	0
260145	1
260162	0
260172	1
260187	0
260198	1
260213	0
260224	1
260239	0
260251	1
260266	0
260277	1
260292	0
260303	1
260318	0
260330	1
260345	0
260356	1
260371	0
260381	1
260397	0
260827	1
260843	0
260853	1
260869	0
260879	1
260895	0
260905	1
260922	0
260932	1
260948	0
260958	1
260973	0
260984	1
260999	0
261011	1
261026	0
261037	1
261052	0
261063	1
261078	0
261090	1
261105	0
261116	1
261131	0
261141	1
261157	0
261167	1
261183	0
261193	1
261210	0
261220	1
261236	0
261665	1
261681	0
261692	1
261708	0
261718	1
261734	0
261744	1
261760	0
261770	1
261787	0
261797	1
261812	0
261823	1
261838	0
261849	1
261864	0
261876	1
261891	0
261902	1
261917	0
261936	1
261943	0
261954	1
261970	0
261980	1
261996	0
262007	1
262022	0
262033	1
262049	0
262059	1
262075	0
262504	1
262519	0
262531	1
262546	0
262557	1
262572	0
262583	1
262598	0
262610	1
262625	0
262635	1
262651	0
262661	1
262677	0
262688	1
262703	0
262713	1
262730	0
262740	1
262756	0
262766	1
262782	0
262792	1
262809	0
262819	1
262835	0
262845	1
262860	0
262871	1
262886	0
262898	1
262913	0
263343	1
263359	0
263369	1
263385	0
263395	1
263410	0
263422	1
263464	0
263474	1
263489	0
263500	1
263515	0
263527	1
263542	0
263553	1
263576	0
263579	1
263594	0
263605	1
263620	0
263631	1
263646	0
263658	1
263673	0
263684	1
263699	0
263710	1
263725	0
263737	1
263752	0
264181	1
264198	0
264208	1
264224	0
264234	1
264250	0
264260	1
264275	0
264286	1
264301	0
264313	1
264328	0
264339	1
264354	0
264365	1
264380	0
264392	1
264407	0
264418	1
264433	0
264443	1
264459	0
264469	1
264486	0
264496	1
264512	0
264522	1
264538	0
264548	1
264565	0
264575	1
264590	0
265020	1
265036	0
265046	1
265062	0
265072	1
265089	0
265099	1
265114	0
265125	1
265140	0
265151	1
265166	0
265178	1
265193	0
265204	1
265219	0
265230	1
265245	0
265257	1
265272	0
265282	1
265298	0
265308	1
265324	0
265334	1
265351	0
265360	1
265376	0
265388	1
265403	0
265414	1
265429	0
265859	1
265875	0
265885	1
265901	0
265937	1
265953	0
265964	1
265979	0
265990	1
266006	0
266016	1
266032	0
266042	1
266057	0
266069	1
266084	0
266095	1
266110	0
266121	1
266136	0
266148	1
266163	0
266173	1
266189	0
266199	1
266215	0
266225	1
266242	0
266252	1
266268	0
266698	1
266713	0
266724	1
266739	0
266750	1
266765	0
266776	1
266791	0
266803	1
266818	0
266829	1
266844	0
266854	1
266870	0
266880	1
266897	0
266907	1
266923	0
266933	1
266949	0
266959	1
266976	0
266986	1
267002	0
267012	1
267027	0
267038	1
267053	0
267065	1
267080	0
267091	1
267106	0
267536	1
267552	0
267562	1
267578	0
267588	1
267605	0
267615	1
267631	0
267641	1
267656	0
267667	1
267682	0
267694	1
267709	0
267720	1
267735	0
267746	1
267761	0
267772	1
267787	0
267799	1
267814	0
267824	1
267840	0
267850	1
267866	0
267876	1
267893	0
267903	1
267919	0
267929	1
267945	0
268375	1
268391	0
268401	1
268416	0
268427	1
268442	0
268454	1
268469	0
268480	1
268495	0
268506	1
268521	0
268536	1
268548	0
268559	1
268574	0
268584	1
268600	0
268610	1
268627	0
268637	1
268653	0
268663	1
268679	0
268689	1
268705	0
268715	1
268730	0
268742	1
268757	0
268768	1
268783	0
269214	1
269229	0
269240	1
269255	0
269268	1
269281	0
269292	1
269308	0
269318	1
269334	0
269344	1
269360	0
269370	1
269387	0
269397	1
269413	0
269423	1
269438	0
269449	1
269464	0
269476	1
269491	0
269502	1
269517	0
269528	1
269543	0
269554	1
269569	0
269581	1
269596	0
269607	1
269622	0
270052	1
270068	0
270078	1
270094	0
270104	1
270121	0
270131	1
270146	0
270157	1
270172	0
270183	1
270198	0
270210	1
270225	0
270236	1
270251	0
270262	1
270277	0
270288	1
270303	0
270313	1
270330	0
270340	1
270356	0
270366	1
270382	0
270392	1
270409	0
270419	1
270435	0
270445	1
270460	0
270891	1
270906	0
270917	1
270932	0
270943	1
270958	0
270970	1
270985	0
270996	1
271011	0
271022	1
271037	0
271047	1
271064	0
271074	1
271090	0
271100	1
271117	0
271126	1
271143	0
271153	1
271168	0
271178	1
271194	0
271206	1
271221	0
271231	1
271247	0
271258	1
271273	0
271283	1
271299	0
271729	1
271744	0
271756	1
271771	0
271782	1
271797	0
271808	1
271823	0
271835	1
271850	0
271861	1
271876	0
271886	1
271902	0
271912	1
271929	0
271939	1
271955	0
271965	1
271981	0
272004	1
272007	0
272017	1
272033	0
272044	1
272059	0
272069	1
272086	0
272096	1
272112	0
272122	1
272138	0
272577	1
272584	0
272594	1
272609	0
272620	1
272636	0
272647	1
272662	0
272673	1
272688	0
272699	1
272714	0
272726	1
272741	0
272752	1
272767	0
272778	1
272793	0
272803	1
272820	0
272830	1
272846	0
272856	1
272872	0
272882	1
272898	0
272908	1
272925	0
272935	1
272951	0
272961	1
272976	0
273407	1
273423	0
273433	1
273448	0
273459	1
273474	0
273485	1
273500	0
273512	1
273527	0
273538	1
273553	0
273564	1
273579	0
273589	1
273606	0
273616	1
273632	0
273642	1
273658	0
273668	1
273685	0
273695	1
273711	0
273721	1
273737	0
273747	1
273762	0
273774	1
273789	0
273800	1
273815	0
275084	1
275099	0
275111	1
275126	0
275137	1
275152	0
275162	1
275178	0
275188	1
275230	0
275241	1
275257	0
275267	1
275284	0
275293	1
275309	0
275320	1
275335	0
275346	1
275362	0
275372	1
275388	0
275398	1
275413	0
275425	1
275440	0
275451	1
275466	0
275476	1
275493	0
275922	1
275939	0
275949	1
275970	0
275974	1
275990	0
276002	1
276017	0
276027	1
276043	0
276053	1
276069	0
276079	1
276096	0
276106	1
276122	0
276132	1
276148	0
276158	1
276174	0
276184	1
276201	0
276211	1
276226	0
276237	1
276252	0
276263	1
276278	0
276290	1
276305	0
276316	1
276331	0
276761	1
276777	0
276787	1
276803	0
276813	1
276830	0
276840	1
276856	0
276866	1
276882	0
276892	1
276907	0
276918	1
276934	0
276945	1
276960	0
276971	1
276986	0
276997	1
277012	0
277024	1
277039	0
277050	1
277065	0
277075	1
277091	0
277101	1
277118	0
277128	1
277144	0
277154	1
277170	0
277599	1
277616	0
277626	1
277642	0
277652	1
277668	0
277678	1
277693	0
277705	1
277721	0
277731	1
277746	0
277757	1
277772	0
277783	1
277798	0
277810	1
277825	0
277843	1
277852	0
277862	1
277877	0
277888	1
277903	0
277914	1
277930	0
277941	1
277956	0
277967	1
277982	0
277993	1
278008	0
278438	1
278454	0
278464	1
278481	0
278491	1
278507	0
278517	1
278532	0
278543	1
278558	0
278570	1
278585	0
278596	1
278612	0
278622	1
278638	0
278648	1
278663	0
278674	1
278689	0
278701	1
278716	0
278727	1
278742	0
278753	1
278768	0
278780	1
278795	0
278806	1
278821	0
278831	1
278847	0
279277	1
279293	0
279303	1
279319	0
279330	1
279345	0
279356	1
279371	0
279382	1
279397	0
279409	1
279424	0
279435	1
279459	0
279460	1
279476	0
279486	1
279503	0
279513	1
279528	0
279539	1
279554	0
279578	1
279581	0
279592	1
279607	0
279617	1
279633	0
279643	1
279660	0
279670	1
279686	0
280116	1
280131	0
280142	1
280157	0
280168	1
280183	0
280195	1
280210	0
280221	1
280236	0
280247	1
280262	0
280273	1
280289	0
280299	1
280315	0
280325	1
280341	0
280351	1
280367	0
280377	1
280394	0
280404	1
280420	0
280430	1
280446	0
280456	1
280471	0
280483	1
280501	0
280509	1
280524	0
280954	1
280970	0
280980	1
280997	0
281007	1
281023	0
281033	1
281048	0
281059	1
281074	0
281086	1
281101	0
281112	1
281127	0
281138	1
281153	0
281164	1
281180	0
281191	1
281206	0
281216	1
281232	0
281243	1
281258	0
281269	1
281284	0
281296	1
281311	0
281321	1
281337	0
281347	1
281363	0
281793	1
281809	0
281820	1
281835	0
281846	1
281861	0
281871	1
281888	0
281898	1
281913	0
281924	1
281940	0
281950	1
281966	0
281976	1
281993	0
282003	1
282018	0
282029	1
282044	0
282055	1
282070	0
282082	1
282097	0
282108	1
282123	0
282134	1
282149	0
282160	1
282175	0
282185	1
282202	0
282631	1
282647	0
282657	1
282674	0
282684	1
282700	0
282710	1
282726	0
282736	1
282753	0
282763	1
282778	0
282789	1
282804	0
282815	1
282830	0
282842	1
282857	0
282868	1
282883	0
282894	1
282909	0
282920	1
282935	0
282945	1
282962	0
282972	1
282988	0
282998	1
283014	0
283024	1
283041	0
284309	1
284324	0
284335	1
284350	0
284362	1
284377	0
284388	1
284420	0
284421	1
284429	0
284440	1
284455	0
284466	1
284482	0
284492	1
284508	0
284519	1
284535	0
284545	1
284560	0
284571	1
284586	0
284597	1
284612	0
284624	1
284639	0
284650	1
284665	0
284676	1
284691	0
284703	1
284718	0
285148	1
285163	0
285174	1
285189	0
285200	1
285242	0
285253	1
285268	0
285279	1
285294	0
285304	1
285320	0
285330	1
285347	0
285357	1
285373	0
285383	1
285399	0
285409	1
285426	0
285436	1
285452	0
285462	1
285477	0
285488	1
285503	0
285515	1
285530	0
285541	1
285556	0
285987	1
286002	0
286012	1
286028	0
286038	1
286054	0
286064	1
286081	0
286091	1
286107	0
286117	1
286133	0
286143	1
286160	0
286170	1
286185	0
286196	1
286211	0
286222	1
286237	0
286248	1
286264	0
286275	1
286290	0
286301	1
286316	0
286327	1
286342	0
286352	1
286369	0
286379	1
286395	0
286825	1
286840	0
286850	1
286867	0
286877	1
286893	0
286903	1
286919	0
286929	1
286946	0
286956	1
286972	0
286982	1
286998	0
287008	1
287024	0
287034	1
287049	0
287061	1
287076	0
287087	1
287104	0
287113	1
287128	0
287139	1
287154	0
287166	1
287181	0
287192	1
287207	0
287218	1
287233	0
287664	1
287679	0
287690	1
287705	0
287716	1
287731	0
287741	1
287758	0
287768	1
287784	0
287794	1
287810	0
287820	1
287837	0
287847	1
287863	0
287876	1
287888	0
287900	1
287915	0
287925	1
287941	0
287951	1
287968	0
287978	1
287993	0
288004	1
288020	0
288031	1
288046	0
288056	1
288073	0
288502	1
288517	0
288528	1
288543	0
288555	1
288570	0
288581	1
288596	0
288607	1
288622	0
288634	1
288649	0
288659	1
288675	0
288685	1
288701	0
288711	1
288728	0
288738	1
288754	0
288764	1
288780	0
288790	1
288806	0
288816	1
288833	0
288843	1
288858	0
288869	1
288884	0
288895	1
288910	0
289341	1
289356	0
289367	1
289382	0
289394	1
289409	0
289420	1
289435	0
289446	1
289461	0
289471	1
289487	0
289497	1
289514	0
289524	1
289540	0
289550	1
289566	0
289576	1
289593	0
289603	1
289619	0
289629	1
289644	0
289655	1
289670	0
289682	1
289697	0
289708	1
289723	0
289741	1
289749	0
290179	1
290195	0
290206	1
290221	0
290231	1
290248	0
290258	1
290274	0
290284	1
290300	0
290310	1
290327	0
290337	1
290352	0
290363	1
290378	0
290389	1
290404	0
290416	1
290431	0
290442	1
290457	0
290468	1
290483	0
290494	1
290509	0
290520	1
290535	0
290547	1
290562	0
290573	1
290588	0
291018	1
291034	0
291046	1
291060	0
291070	1
291086	0
291096	1
291112	0
291122	1
291139	0
291149	1
291165	0
291175	1
291191	0
291201	1
291216	0
291228	1
291243	0
291254	1
291269	0
291280	1
291295	0
291307	1
291322	0
291333	1
291348	0
291358	1
291374	0
291384	1
291401	0
291411	1
291427	0
291857	1
291872	0
291882	1
291899	0
291909	1
291925	0
291935	1
291951	0
291961	1
291977	0
291987	1
292004	0
292014	1
292030	0
292040	1
292055	0
292066	1
292081	0
292093	1
292108	0
292119	1
292134	0
292145	1
292160	0
292172	1
292187	0
292198	1
292213	0
292223	1
292239	0
292249	1
292266	0
292696	1
292711	0
292722	1
292737	0
292748	1
292763	0
292774	1
292790	0
292800	1
292816	0
292826	1
292842	0
292852	1
292868	0
292878	1
292895	0
292905	1
292921	0
292931	1
292947	0
292957	1
292972	0
292984	1
292999	0
293010	1
293025	0
293036	1
293051	0
293062	1
293082	0
293088	1
293103	0
294373	1
294388	0
294399	1
294415	0
294425	1
294440	0
294451	1
294466	0
294478	1
294493	0
294504	1
294519	0
294530	1
294545	0
294556	1
294571	0
294583	1
294598	0
294608	1
294624	0
294634	1
294650	0
294660	1
294677	0
294687	1
294703	0
294713	1
294729	0
294739	1
294756	0
294766	1
294782	0
295211	1
295227	0
295237	1
295254	0
295264	1
295280	0
295290	1
295305	0
295316	1
295331	0
295342	1
295358	0
295369	1
295384	0
295395	1
295410	0
295421	1
295436	0
295474	1
295489	0
295500	1
295515	0
295525	1
295541	0
295551	1
295594	0
295604	1
295620	0
296888	1
296905	0
296915	1
296930	0
296941	1
296956	0
296967	1
296982	0
296994	1
297009	0
297020	1
297035	0
297046	1
297061	0
297071	1
297089	0
297098	1
297114	0
297124	1
297140	0
297150	1
297167	0
297177	1
297193	0
297203	1
297219	0
297229	1
297244	0
297255	1
297271	0
297282	1
297297	0
297727	1
297743	0
297753	1
297769	0
297779	1
297796	0
297806	1
297821	0
297832	1
297847	0
297858	1
297873	0
297885	1
297900	0
297911	1
297926	0
297937	1
297952	0
297962	1
297979	0
297989	1
298005	0
298015	1
298031	0
298041	1
298057	0
298068	1
298084	0
298094	1
298110	0
298120	1
298136	0
299404	1
299420	0
299430	1
299446	0
299456	1
299473	0
299483	1
299499	0
299509	1
299525	0
299535	1
299552	0
299562	1
299578	0
299588	1
299603	0
299614	1
299629	0
299640	1
299656	0
299667	1
299682	0
299701	1
299708	0
299719	1
299734	0
299745	1
299760	0
299772	1
299787	0
299798	1
299813	0
300243	1
300266	0
300270	1
300285	0
300296	1
300311	0
300322	1
300337	0
300347	1
300364	0
300374	1
300390	0
300400	1
300416	0
300426	1
300442	0
300452	1
300469	0
300479	1
300494	0
300505	1
300521	0
300531	1
300546	0
300558	1
300573	0
300584	1
300599	0
300610	1
300625	0
300637	1
300652	0
301082	1
301097	0
301107	1
301124	0
301134	1
301150	0
301160	1
301176	0
301186	1
301202	0
301212	1
301229	0
301239	1
301255	0
301265	1
301281	0
301291	1
301306	0
301318	1
301333	0
301344	1
301359	0
301370	1
301385	0
301397	1
301412	0
301423	1
301438	0
301449	1
301464	0
301474	1
301490	0
301920	1
301936	0
301946	1
301963	0
301973	1
301988	0
301999	1
302014	0
302025	1
302040	0
302052	1
302067	0
302078	1
302093	0
302104	1
302119	0
302130	1
302146	0
302156	1
302172	0
302182	1
302198	0
302208	1
302224	0
302235	1
302251	0
302261	1
302277	0
302287	1
302304	0
302314	1
302329	0
